          0.00000000          0.00000000
          0.00100000          0.00009970
          0.00200000          0.00019980
          0.00300000          0.00030030
          0.00400000          0.00040120
          0.00500000          0.00050250
          0.00600000          0.00060421
          0.00700000          0.00070632
          0.00800000          0.00080884
          0.00900000          0.00091178
          0.01000000          0.00101512
          0.01100000          0.00111888
          0.01200000          0.00122306
          0.01300000          0.00132765
          0.01400000          0.00143267
          0.01500000          0.00153810
          0.01600000          0.00164396
          0.01700000          0.00175025
          0.01800000          0.00185696
          0.01900000          0.00196410
          0.02000000          0.00207167
          0.02100000          0.00217968
          0.02200000          0.00228812
          0.02300000          0.00239700
          0.02400000          0.00250632
          0.02500000          0.00261608
          0.02600000          0.00272629
          0.02700000          0.00283693
          0.02800000          0.00294803
          0.02900000          0.00305958
          0.03000000          0.00317157
          0.03100000          0.00328403
          0.03200000          0.00339693
          0.03300000          0.00351030
          0.03400000          0.00362412
          0.03500000          0.00373841
          0.03600000          0.00385316
          0.03700000          0.00396838
          0.03800000          0.00408406
          0.03900000          0.00420022
          0.04000000          0.00431685
          0.04100000          0.00443395
          0.04200000          0.00455153
          0.04300000          0.00466959
          0.04400000          0.00478813
          0.04500000          0.00490716
          0.04600000          0.00502667
          0.04700000          0.00514667
          0.04800000          0.00526716
          0.04900000          0.00538815
          0.05000000          0.00550963
          0.05100000          0.00563160
          0.05200000          0.00575408
          0.05300000          0.00587706
          0.05400000          0.00600054
          0.05500000          0.00612453
          0.05600000          0.00624903
          0.05700000          0.00637405
          0.05800000          0.00649957
          0.05900000          0.00662561
          0.06000000          0.00675218
          0.06100000          0.00687926
          0.06200000          0.00700687
          0.06300000          0.00713500
          0.06400000          0.00726366
          0.06500000          0.00739285
          0.06600000          0.00752258
          0.06700000          0.00765285
          0.06800000          0.00778365
          0.06900000          0.00791499
          0.07000000          0.00804688
          0.07100000          0.00817931
          0.07200000          0.00831230
          0.07300000          0.00844583
          0.07400000          0.00857993
          0.07500000          0.00871457
          0.07600000          0.00884978
          0.07700000          0.00898555
          0.07800000          0.00912189
          0.07900000          0.00925879
          0.08000000          0.00939626
          0.08100000          0.00953431
          0.08200000          0.00967293
          0.08300000          0.00981213
          0.08400000          0.00995192
          0.08500000          0.01009229
          0.08600000          0.01023324
          0.08700000          0.01037479
          0.08800000          0.01051693
          0.08900000          0.01065966
          0.09000000          0.01080299
          0.09100000          0.01094693
          0.09200000          0.01109147
          0.09300000          0.01123662
          0.09400000          0.01138237
          0.09500000          0.01152874
          0.09600000          0.01167573
          0.09700000          0.01182334
          0.09800000          0.01197157
          0.09900000          0.01212042
          0.10000000          0.01226990
          0.10100000          0.01242002
          0.10200000          0.01257077
          0.10300000          0.01272215
          0.10400000          0.01287418
          0.10500000          0.01302685
          0.10600000          0.01318017
          0.10700000          0.01333414
          0.10800000          0.01348877
          0.10900000          0.01364405
          0.11000000          0.01379999
          0.11100000          0.01395659
          0.11200000          0.01411386
          0.11300000          0.01427180
          0.11400000          0.01443041
          0.11500000          0.01458970
          0.11600000          0.01474967
          0.11700000          0.01491032
          0.11800000          0.01507166
          0.11900000          0.01523369
          0.12000000          0.01539641
          0.12100000          0.01555983
          0.12200000          0.01572395
          0.12300000          0.01588878
          0.12400000          0.01605431
          0.12500000          0.01622055
          0.12600000          0.01638751
          0.12700000          0.01655518
          0.12800000          0.01672358
          0.12900000          0.01689270
          0.13000000          0.01706256
          0.13100000          0.01723314
          0.13200000          0.01740446
          0.13300000          0.01757652
          0.13400000          0.01774933
          0.13500000          0.01792288
          0.13600000          0.01809718
          0.13700000          0.01827224
          0.13800000          0.01844806
          0.13900000          0.01862464
          0.14000000          0.01880198
          0.14100000          0.01898010
          0.14200000          0.01915899
          0.14300000          0.01933866
          0.14400000          0.01951912
          0.14500000          0.01970036
          0.14600000          0.01988239
          0.14700000          0.02006521
          0.14800000          0.02024883
          0.14900000          0.02043326
          0.15000000          0.02061849
          0.15100000          0.02080453
          0.15200000          0.02099139
          0.15300000          0.02117907
          0.15400000          0.02136757
          0.15500000          0.02155690
          0.15600000          0.02174706
          0.15700000          0.02193806
          0.15800000          0.02212990
          0.15900000          0.02232258
          0.16000000          0.02251611
          0.16100000          0.02271050
          0.16200000          0.02290574
          0.16300000          0.02310185
          0.16400000          0.02329882
          0.16500000          0.02349666
          0.16600000          0.02369539
          0.16700000          0.02389499
          0.16800000          0.02409548
          0.16900000          0.02429685
          0.17000000          0.02449912
          0.17100000          0.02470230
          0.17200000          0.02490637
          0.17300000          0.02511135
          0.17400000          0.02531725
          0.17500000          0.02552407
          0.17600000          0.02573181
          0.17700000          0.02594047
          0.17800000          0.02615008
          0.17900000          0.02636061
          0.18000000          0.02657209
          0.18100000          0.02678452
          0.18200000          0.02699790
          0.18300000          0.02721224
          0.18400000          0.02742755
          0.18500000          0.02764382
          0.18600000          0.02786106
          0.18700000          0.02807928
          0.18800000          0.02829849
          0.18900000          0.02851868
          0.19000000          0.02873987
          0.19100000          0.02896206
          0.19200000          0.02918525
          0.19300000          0.02940946
          0.19400000          0.02963468
          0.19500000          0.02986092
          0.19600000          0.03008819
          0.19700000          0.03031649
          0.19800000          0.03054582
          0.19900000          0.03077620
          0.20000000          0.03100763
          0.20100000          0.03124012
          0.20200000          0.03147366
          0.20300000          0.03170827
          0.20400000          0.03194395
          0.20500000          0.03218071
          0.20600000          0.03241856
          0.20700000          0.03265749
          0.20800000          0.03289752
          0.20900000          0.03313865
          0.21000000          0.03338088
          0.21100000          0.03362424
          0.21200000          0.03386871
          0.21300000          0.03411430
          0.21400000          0.03436103
          0.21500000          0.03460889
          0.21600000          0.03485790
          0.21700000          0.03510806
          0.21800000          0.03535938
          0.21900000          0.03561186
          0.22000000          0.03586551
          0.22100000          0.03612034
          0.22200000          0.03637635
          0.22300000          0.03663355
          0.22400000          0.03689194
          0.22500000          0.03715154
          0.22600000          0.03741234
          0.22700000          0.03767437
          0.22800000          0.03793761
          0.22900000          0.03820209
          0.23000000          0.03846780
          0.23100000          0.03873475
          0.23200000          0.03900295
          0.23300000          0.03927242
          0.23400000          0.03954314
          0.23500000          0.03981514
          0.23600000          0.04008841
          0.23700000          0.04036297
          0.23800000          0.04063883
          0.23900000          0.04091598
          0.24000000          0.04119445
          0.24100000          0.04147422
          0.24200000          0.04175532
          0.24300000          0.04203775
          0.24400000          0.04232152
          0.24500000          0.04260663
          0.24600000          0.04289310
          0.24700000          0.04318092
          0.24800000          0.04347011
          0.24900000          0.04376068
          0.25000000          0.04405264
          0.25100000          0.04434598
          0.25200000          0.04464073
          0.25300000          0.04493688
          0.25400000          0.04523445
          0.25500000          0.04553344
          0.25600000          0.04583386
          0.25700000          0.04613573
          0.25800000          0.04643904
          0.25900000          0.04674381
          0.26000000          0.04705005
          0.26100000          0.04735776
          0.26200000          0.04766695
          0.26300000          0.04797763
          0.26400000          0.04828982
          0.26500000          0.04860351
          0.26600000          0.04891872
          0.26700000          0.04923545
          0.26800000          0.04955372
          0.26900000          0.04987354
          0.27000000          0.05019491
          0.27100000          0.05051784
          0.27200000          0.05084234
          0.27300000          0.05116842
          0.27400000          0.05149609
          0.27500000          0.05182536
          0.27600000          0.05215624
          0.27700000          0.05248873
          0.27800000          0.05282286
          0.27900000          0.05315862
          0.28000000          0.05349603
          0.28100000          0.05383509
          0.28200000          0.05417583
          0.28300000          0.05451823
          0.28400000          0.05486233
          0.28500000          0.05520812
          0.28600000          0.05555562
          0.28700000          0.05590483
          0.28800000          0.05625577
          0.28900000          0.05660845
          0.29000000          0.05696288
          0.29100000          0.05731906
          0.29200000          0.05767701
          0.29300000          0.05803675
          0.29400000          0.05839827
          0.29500000          0.05876159
          0.29600000          0.05912673
          0.29700000          0.05949369
          0.29800000          0.05986248
          0.29900000          0.06023312
          0.30000000          0.06060561
          0.30100000          0.06097997
          0.30200000          0.06135621
          0.30300000          0.06173434
          0.30400000          0.06211437
          0.30500000          0.06249631
          0.30600000          0.06288018
          0.30700000          0.06326599
          0.30800000          0.06365374
          0.30900000          0.06404346
          0.31000000          0.06443515
          0.31100000          0.06482882
          0.31200000          0.06522449
          0.31300000          0.06562217
          0.31400000          0.06602187
          0.31500000          0.06642361
          0.31600000          0.06682739
          0.31700000          0.06723323
          0.31800000          0.06764115
          0.31900000          0.06805114
          0.32000000          0.06846324
          0.32100000          0.06887745
          0.32200000          0.06929378
          0.32300000          0.06971226
          0.32400000          0.07013288
          0.32500000          0.07055566
          0.32600000          0.07098063
          0.32700000          0.07140779
          0.32800000          0.07183715
          0.32900000          0.07226873
          0.33000000          0.07270254
          0.33100000          0.07313861
          0.33200000          0.07357693
          0.33300000          0.07401753
          0.33400000          0.07446042
          0.33500000          0.07490562
          0.33600000          0.07535314
          0.33700000          0.07580299
          0.33800000          0.07625519
          0.33900000          0.07670975
          0.34000000          0.07716670
          0.34100000          0.07762603
          0.34200000          0.07808778
          0.34300000          0.07855196
          0.34400000          0.07901857
          0.34500000          0.07948764
          0.34600000          0.07995919
          0.34700000          0.08043322
          0.34800000          0.08090976
          0.34900000          0.08138882
          0.35000000          0.08187041
          0.35100000          0.08235456
          0.35200000          0.08284128
          0.35300000          0.08333059
          0.35400000          0.08382250
          0.35500000          0.08431703
          0.35600000          0.08481420
          0.35700000          0.08531402
          0.35800000          0.08581652
          0.35900000          0.08632171
          0.36000000          0.08682960
          0.36100000          0.08734022
          0.36200000          0.08785358
          0.36300000          0.08836971
          0.36400000          0.08888861
          0.36500000          0.08941031
          0.36600000          0.08993483
          0.36700000          0.09046219
          0.36800000          0.09099239
          0.36900000          0.09152547
          0.37000000          0.09206145
          0.37100000          0.09260033
          0.37200000          0.09314215
          0.37300000          0.09368691
          0.37400000          0.09423465
          0.37500000          0.09478538
          0.37600000          0.09533911
          0.37700000          0.09589588
          0.37800000          0.09645570
          0.37900000          0.09701859
          0.38000000          0.09758457
          0.38100000          0.09815367
          0.38200000          0.09872589
          0.38300000          0.09930128
          0.38400000          0.09987984
          0.38500000          0.10046160
          0.38600000          0.10104658
          0.38700000          0.10163480
          0.38800000          0.10222629
          0.38900000          0.10282106
          0.39000000          0.10341914
          0.39100000          0.10402056
          0.39200000          0.10462533
          0.39300000          0.10523347
          0.39400000          0.10584502
          0.39500000          0.10645999
          0.39600000          0.10707842
          0.39700000          0.10770031
          0.39800000          0.10832570
          0.39900000          0.10895461
          0.40000000          0.10958706
          0.40100000          0.11022308
          0.40200000          0.11086270
          0.40300000          0.11150594
          0.40400000          0.11215282
          0.40500000          0.11280338
          0.40600000          0.11345762
          0.40700000          0.11411560
          0.40800000          0.11477731
          0.40900000          0.11544281
          0.41000000          0.11611210
          0.41100000          0.11678523
          0.41200000          0.11746220
          0.41300000          0.11814307
          0.41400000          0.11882784
          0.41500000          0.11951655
          0.41600000          0.12020922
          0.41700000          0.12090589
          0.41800000          0.12160658
          0.41900000          0.12231132
          0.42000000          0.12302015
          0.42100000          0.12373308
          0.42200000          0.12445015
          0.42300000          0.12517139
          0.42400000          0.12589683
          0.42500000          0.12662650
          0.42600000          0.12736043
          0.42700000          0.12809865
          0.42800000          0.12884119
          0.42900000          0.12958809
          0.43000000          0.13033937
          0.43100000          0.13109507
          0.43200000          0.13185521
          0.43300000          0.13261984
          0.43400000          0.13338898
          0.43500000          0.13416267
          0.43600000          0.13494094
          0.43700000          0.13572382
          0.43800000          0.13651136
          0.43900000          0.13730357
          0.44000000          0.13810051
          0.44100000          0.13890219
          0.44200000          0.13970866
          0.44300000          0.14051996
          0.44400000          0.14133611
          0.44500000          0.14215716
          0.44600000          0.14298314
          0.44700000          0.14381409
          0.44800000          0.14465005
          0.44900000          0.14549105
          0.45000000          0.14633713
          0.45100000          0.14718832
          0.45200000          0.14804468
          0.45300000          0.14890623
          0.45400000          0.14977302
          0.45500000          0.15064508
          0.45600000          0.15152246
          0.45700000          0.15240519
          0.45800000          0.15329332
          0.45900000          0.15418689
          0.46000000          0.15508594
          0.46100000          0.15599051
          0.46200000          0.15690064
          0.46300000          0.15781637
          0.46400000          0.15873776
          0.46500000          0.15966484
          0.46600000          0.16059765
          0.46700000          0.16153625
          0.46800000          0.16248067
          0.46900000          0.16343095
          0.47000000          0.16438716
          0.47100000          0.16534933
          0.47200000          0.16631750
          0.47300000          0.16729173
          0.47400000          0.16827206
          0.47500000          0.16925854
          0.47600000          0.17025122
          0.47700000          0.17125015
          0.47800000          0.17225537
          0.47900000          0.17326693
          0.48000000          0.17428490
          0.48100000          0.17530930
          0.48200000          0.17634021
          0.48300000          0.17737766
          0.48400000          0.17842171
          0.48500000          0.17947242
          0.48600000          0.18052983
          0.48700000          0.18159400
          0.48800000          0.18266498
          0.48900000          0.18374284
          0.49000000          0.18482761
          0.49100000          0.18591936
          0.49200000          0.18701815
          0.49300000          0.18812403
          0.49400000          0.18923706
          0.49500000          0.19035730
          0.49600000          0.19148480
          0.49700000          0.19261962
          0.49800000          0.19376183
          0.49900000          0.19491148
          0.50000000          0.19606864
          0.50100000          0.19723336
          0.50200000          0.19840571
          0.50300000          0.19958575
          0.50400000          0.20077354
          0.50500000          0.20196915
          0.50600000          0.20317265
          0.50700000          0.20438409
          0.50800000          0.20560354
          0.50900000          0.20683108
          0.51000000          0.20806676
          0.51100000          0.20931065
          0.51200000          0.21056283
          0.51300000          0.21182336
          0.51400000          0.21309231
          0.51500000          0.21436976
          0.51600000          0.21565576
          0.51700000          0.21695041
          0.51800000          0.21825376
          0.51900000          0.21956590
          0.52000000          0.22088689
          0.52100000          0.22221681
          0.52200000          0.22355574
          0.52300000          0.22490376
          0.52400000          0.22626094
          0.52500000          0.22762736
          0.52600000          0.22900309
          0.52700000          0.23038823
          0.52800000          0.23178284
          0.52900000          0.23318702
          0.53000000          0.23460084
          0.53100000          0.23602438
          0.53200000          0.23745774
          0.53300000          0.23890099
          0.53400000          0.24035422
          0.53500000          0.24181753
          0.53600000          0.24329099
          0.53700000          0.24477469
          0.53800000          0.24626873
          0.53900000          0.24777319
          0.54000000          0.24928817
          0.54100000          0.25081376
          0.54200000          0.25235006
          0.54300000          0.25389715
          0.54400000          0.25545513
          0.54500000          0.25702410
          0.54600000          0.25860416
          0.54700000          0.26019541
          0.54800000          0.26179794
          0.54900000          0.26341186
          0.55000000          0.26503727
          0.55100000          0.26667426
          0.55200000          0.26832296
          0.55300000          0.26998345
          0.55400000          0.27165585
          0.55500000          0.27334027
          0.55600000          0.27503681
          0.55700000          0.27674558
          0.55800000          0.27846670
          0.55900000          0.28020027
          0.56000000          0.28194642
          0.56100000          0.28370525
          0.56200000          0.28547689
          0.56300000          0.28726144
          0.56400000          0.28905904
          0.56500000          0.29086979
          0.56600000          0.29269382
          0.56700000          0.29453126
          0.56800000          0.29638222
          0.56900000          0.29824684
          0.57000000          0.30012524
          0.57100000          0.30201754
          0.57200000          0.30392389
          0.57300000          0.30584441
          0.57400000          0.30777923
          0.57500000          0.30972849
          0.57600000          0.31169232
          0.57700000          0.31367087
          0.57800000          0.31566426
          0.57900000          0.31767265
          0.58000000          0.31969618
          0.58100000          0.32173498
          0.58200000          0.32378921
          0.58300000          0.32585900
          0.58400000          0.32794452
          0.58500000          0.33004592
          0.58600000          0.33216333
          0.58700000          0.33429693
          0.58800000          0.33644686
          0.58900000          0.33861328
          0.59000000          0.34079636
          0.59100000          0.34299626
          0.59200000          0.34521313
          0.59300000          0.34744715
          0.59400000          0.34969848
          0.59500000          0.35196730
          0.59600000          0.35425377
          0.59700000          0.35655806
          0.59800000          0.35888036
          0.59900000          0.36122085
          0.60000000          0.36357970
          0.60100000          0.36595709
          0.60200000          0.36835321
          0.60300000          0.37076824
          0.60400000          0.37320238
          0.60500000          0.37565582
          0.60600000          0.37812875
          0.60700000          0.38062136
          0.60800000          0.38313386
          0.60900000          0.38566645
          0.61000000          0.38821932
          0.61100000          0.39079269
          0.61200000          0.39338676
          0.61300000          0.39600174
          0.61400000          0.39863786
          0.61500000          0.40129531
          0.61600000          0.40397433
          0.61700000          0.40667514
          0.61800000          0.40939795
          0.61900000          0.41214300
          0.62000000          0.41491052
          0.62100000          0.41770074
          0.62200000          0.42051389
          0.62300000          0.42335022
          0.62400000          0.42620996
          0.62500000          0.42909336
          0.62600000          0.43200068
          0.62700000          0.43493215
          0.62800000          0.43788805
          0.62900000          0.44086861
          0.63000000          0.44387411
          0.63100000          0.44690481
          0.63200000          0.44996098
          0.63300000          0.45304289
          0.63400000          0.45615081
          0.63500000          0.45928502
          0.63600000          0.46244581
          0.63700000          0.46563345
          0.63800000          0.46884825
          0.63900000          0.47209049
          0.64000000          0.47536047
          0.64100000          0.47865849
          0.64200000          0.48198486
          0.64300000          0.48533988
          0.64400000          0.48872387
          0.64500000          0.49213715
          0.64600000          0.49558004
          0.64700000          0.49905286
          0.64800000          0.50255594
          0.64900000          0.50608962
          0.65000000          0.50965424
          0.65100000          0.51325015
          0.65200000          0.51687768
          0.65300000          0.52053719
          0.65400000          0.52422905
          0.65500000          0.52795361
          0.65600000          0.53171124
          0.65700000          0.53550232
          0.65800000          0.53932722
          0.65900000          0.54318633
          0.66000000          0.54708003
          0.66100000          0.55100871
          0.66200000          0.55497279
          0.66300000          0.55897265
          0.66400000          0.56300872
          0.66500000          0.56708140
          0.66600000          0.57119112
          0.66700000          0.57533831
          0.66800000          0.57952340
          0.66900000          0.58374683
          0.67000000          0.58800905
          0.67100000          0.59231050
          0.67200000          0.59665166
          0.67300000          0.60103297
          0.67400000          0.60545492
          0.67500000          0.60991798
          0.67600000          0.61442264
          0.67700000          0.61896939
          0.67800000          0.62355873
          0.67900000          0.62819117
          0.68000000          0.63286721
          0.68100000          0.63758739
          0.68200000          0.64235222
          0.68300000          0.64716226
          0.68400000          0.65201803
          0.68500000          0.65692009
          0.68600000          0.66186901
          0.68700000          0.66686535
          0.68800000          0.67190969
          0.68900000          0.67700261
          0.69000000          0.68214471
          0.69100000          0.68733660
          0.69200000          0.69257887
          0.69300000          0.69787215
          0.69400000          0.70321708
          0.69500000          0.70861430
          0.69600000          0.71406444
          0.69700000          0.71956817
          0.69800000          0.72512617
          0.69900000          0.73073910
          0.70000000          0.73640766
          0.70100000          0.74213254
          0.70200000          0.74791447
          0.70300000          0.75375415
          0.70400000          0.75965232
          0.70500000          0.76560972
          0.70600000          0.77162711
          0.70700000          0.77770525
          0.70800000          0.78384493
          0.70900000          0.79004693
          0.71000000          0.79631205
          0.71100000          0.80264111
          0.71200000          0.80903493
          0.71300000          0.81549437
          0.71400000          0.82202026
          0.71500000          0.82861348
          0.71600000          0.83527490
          0.71700000          0.84200543
          0.71800000          0.84880597
          0.71900000          0.85567744
          0.72000000          0.86262078
          0.72100000          0.86963694
          0.72200000          0.87672689
          0.72300000          0.88389162
          0.72400000          0.89113212
          0.72500000          0.89844940
          0.72600000          0.90584450
          0.72700000          0.91331847
          0.72800000          0.92087237
          0.72900000          0.92850728
          0.73000000          0.93622430
          0.73100000          0.94402455
          0.73200000          0.95190916
          0.73300000          0.95987930
          0.73400000          0.96793612
          0.73500000          0.97608084
          0.73600000          0.98431465
          0.73700000          0.99263878
          0.73800000          1.00105450
          0.73900000          1.00956308
          0.74000000          1.01816580
          0.74100000          1.02686400
          0.74200000          1.03565899
          0.74300000          1.04455215
          0.74400000          1.05354486
          0.74500000          1.06263852
          0.74600000          1.07183457
          0.74700000          1.08113446
          0.74800000          1.09053967
          0.74900000          1.10005170
          0.75000000          1.10967208
          0.75100000          1.11940237
          0.75200000          1.12924416
          0.75300000          1.13919905
          0.75400000          1.14926867
          0.75500000          1.15945470
          0.75600000          1.16975883
          0.75700000          1.18018279
          0.75800000          1.19072831
          0.75900000          1.20139720
          0.76000000          1.21219127
          0.76100000          1.22311235
          0.76200000          1.23416234
          0.76300000          1.24534313
          0.76400000          1.25665669
          0.76500000          1.26810498
          0.76600000          1.27969002
          0.76700000          1.29141386
          0.76800000          1.30327859
          0.76900000          1.31528632
          0.77000000          1.32743923
          0.77100000          1.33973951
          0.77200000          1.35218939
          0.77300000          1.36479116
          0.77400000          1.37754713
          0.77500000          1.39045967
          0.77600000          1.40353117
          0.77700000          1.41676409
          0.77800000          1.43016091
          0.77900000          1.44372417
          0.78000000          1.45745645
          0.78100000          1.47136038
          0.78200000          1.48543862
          0.78300000          1.49969392
          0.78400000          1.51412903
          0.78500000          1.52874678
          0.78600000          1.54355005
          0.78700000          1.55854177
          0.78800000          1.57372491
          0.78900000          1.58910251
          0.79000000          1.60467766
          0.79100000          1.62045352
          0.79200000          1.63643328
          0.79300000          1.65262021
          0.79400000          1.66901764
          0.79500000          1.68562895
          0.79600000          1.70245759
          0.79700000          1.71950708
          0.79800000          1.73678098
          0.79900000          1.75428295
          0.80000000          1.77201669
          0.80100000          1.78998599
          0.80200000          1.80819468
          0.80300000          1.82664670
          0.80400000          1.84534604
          0.80500000          1.86429675
          0.80600000          1.88350300
          0.80700000          1.90296898
          0.80800000          1.92269901
          0.80900000          1.94269746
          0.81000000          1.96296878
          0.81100000          1.98351752
          0.81200000          2.00434830
          0.81300000          2.02546582
          0.81400000          2.04687490
          0.81500000          2.06858041
          0.81600000          2.09058732
          0.81700000          2.11290071
          0.81800000          2.13552574
          0.81900000          2.15846765
          0.82000000          2.18173180
          0.82100000          2.20532363
          0.82200000          2.22924870
          0.82300000          2.25351265
          0.82400000          2.27812124
          0.82500000          2.30308031
          0.82600000          2.32839582
          0.82700000          2.35407386
          0.82800000          2.38012057
          0.82900000          2.40654227
          0.83000000          2.43334533
          0.83100000          2.46053627
          0.83200000          2.48812172
          0.83300000          2.51610841
          0.83400000          2.54450319
          0.83500000          2.57331304
          0.83600000          2.60254506
          0.83700000          2.63220645
          0.83800000          2.66230456
          0.83900000          2.69284683
          0.84000000          2.72384085
          0.84100000          2.75529432
          0.84200000          2.78721507
          0.84300000          2.81961106
          0.84400000          2.85249036
          0.84500000          2.88586117
          0.84600000          2.91973183
          0.84700000          2.95411080
          0.84800000          2.98900665
          0.84900000          3.02442809
          0.85000000          3.06038396
          0.85100000          3.09688321
          0.85200000          3.13393490
          0.85300000          3.17154825
          0.85400000          3.20973256
          0.85500000          3.24849726
          0.85600000          3.28785191
          0.85700000          3.32780614
          0.85800000          3.36836973
          0.85900000          3.40955254
          0.86000000          3.45136453
          0.86100000          3.49381576
          0.86200000          3.53691637
          0.86300000          3.58067660
          0.86400000          3.62510674
          0.86500000          3.67021716
          0.86600000          3.71601829
          0.86700000          3.76252060
          0.86800000          3.80973462
          0.86900000          3.85767087
          0.87000000          3.90633993
          0.87100000          3.95575234
          0.87200000          4.00591866
          0.87300000          4.05684941
          0.87400000          4.10855504
          0.87500000          4.16104597
          0.87600000          4.21433252
          0.87700000          4.26842489
          0.87800000          4.32333316
          0.87900000          4.37906723
          0.88000000          4.43563685
          0.88100000          4.49305152
          0.88200000          4.55132049
          0.88300000          4.61045272
          0.88400000          4.67045687
          0.88500000          4.73134119
          0.88600000          4.79311356
          0.88700000          4.85578135
          0.88800000          4.91935146
          0.88900000          4.98383019
          0.89000000          5.04922322
          0.89100000          5.11553553
          0.89200000          5.18277136
          0.89300000          5.25093406
          0.89400000          5.32002612
          0.89500000          5.39004899
          0.89600000          5.46100302
          0.89700000          5.53288740
          0.89800000          5.60569998
          0.89900000          5.67943725
          0.90000000          5.75409411
          0.90100000          5.82966386
          0.90200000          5.90613797
          0.90300000          5.98350599
          0.90400000          6.06175536
          0.90500000          6.14087128
          0.90600000          6.22083651
          0.90700000          6.30163118
          0.90800000          6.38323262
          0.90900000          6.46561511
          0.91000000          6.54874969
          0.91100000          6.63260393
          0.91200000          6.71714162
          0.91300000          6.80232259
          0.91400000          6.88810236
          0.91500000          6.97443188
          0.91600000          7.06125722
          0.91700000          7.14851924
          0.91800000          7.23615322
          0.91900000          7.32408856
          0.92000000          7.41224833
          0.92100000          7.50054893
          0.92200000          7.58889968
          0.92300000          7.67720235
          0.92400000          7.76535078
          0.92500000          7.85323035
          0.92600000          7.94071758
          0.92700000          8.02767962
          0.92800000          8.11397372
          0.92900000          8.19944680
          0.93000000          8.28393486
          0.93100000          8.36726253
          0.93200000          8.44924255
          0.93300000          8.52967522
          0.93400000          8.60834795
          0.93500000          8.68503476
          0.93600000          8.75949584
          0.93700000          8.83147708
          0.93800000          8.90070974
          0.93900000          8.96691008
          0.94000000          9.02977907
          0.94100000          9.08900222
          0.94200000          9.14424946
          0.94300000          9.19517508
          0.94400000          9.24141791
          0.94500000          9.28260153
          0.94600000          9.31833465
          0.94700000          9.34821176
          0.94800000          9.37181384
          0.94900000          9.38870948
          0.95000000          9.39845606
          0.95100000          9.40060137
          0.95200000          9.39468545
          0.95300000          9.38024278
          0.95400000          9.35680492
          0.95500000          9.32390337
          0.95600000          9.28107306
          0.95700000          9.22785607
          0.95800000          9.16380600
          0.95900000          9.08849269
          0.96000000          9.00150745
          0.96100000          8.90246884
          0.96200000          8.79102886
          0.96300000          8.66687963
          0.96400000          8.52976050
          0.96500000          8.37946560
          0.96600000          8.21585163
          0.96700000          8.03884601
          0.96800000          7.84845517
          0.96900000          7.64477282
          0.97000000          7.42798827
          0.97100000          7.19839447
          0.97200000          6.95639559
          0.97300000          6.70251413
          0.97400000          6.43739717
          0.97500000          6.16182163
          0.97600000          5.87669826
          0.97700000          5.58307425
          0.97800000          5.28213407
          0.97900000          4.97519841
          0.98000000          4.66372100
          0.98100000          4.34928315
          0.98200000          4.03358577
          0.98300000          3.71843888
          0.98400000          3.40574836
          0.98500000          3.09750009
          0.98600000          2.79574131
          0.98700000          2.50255914
          0.98800000          2.22005642
          0.98900000          1.95032427
          0.99000000          1.69541085
          0.99100000          1.45728455
          0.99200000          1.23778730
          0.99300000          1.03856779
          0.99400000          0.86096833
          0.99500000          0.70579090
          0.99600000          0.57270652
          0.99700000          0.45842860
          0.99800000          0.34974939
          0.99900000          0.19538972
          1.00000000          0.00003846
          1.00100000          0.20377113
          1.00200000          0.35824498
          1.00300000          0.46737782
          1.00400000          0.58310861
          1.00500000          0.71861023
          1.00600000          0.87719081
          1.00700000          1.05924582
          1.00800000          1.26405612
          1.00900000          1.49036304
          1.01000000          1.73659408
          1.01100000          2.00097168
          1.01200000          2.28157752
          1.01300000          2.57639788
          1.01400000          2.88335997
          1.01500000          3.20036313
          1.01600000          3.52530666
          1.01700000          3.85611477
          1.01800000          4.19075899
          1.01900000          4.52727800
          1.02000000          4.86379483
          1.02100000          5.19853153
          1.02200000          5.52982118
          1.02300000          5.85611731
          1.02400000          6.17600097
          1.02500000          6.48818528
          1.02600000          6.79151797
          1.02700000          7.08498183
          1.02800000          7.36769334
          1.02900000          7.63889981
          1.03000000          7.89797508
          1.03100000          8.14441419
          1.03200000          8.37782703
          1.03300000          8.59793138
          1.03400000          8.80454535
          1.03500000          8.99757955
          1.03600000          9.17702909
          1.03700000          9.34296543
          1.03800000          9.49552845
          1.03900000          9.63491866
          1.04000000          9.76138958
          1.04100000          9.87524062
          1.04200000          9.97681020
          1.04300000         10.06646940
          1.04400000         10.14461596
          1.04500000         10.21166884
          1.04600000         10.26806318
          1.04700000         10.31424570
          1.04800000         10.35067065
          1.04900000         10.37779612
          1.05000000         10.39608077
          1.05100000         10.40598097
          1.05200000         10.40794836
          1.05300000         10.40242763
          1.05400000         10.38985478
          1.05500000         10.37065555
          1.05600000         10.34524415
          1.05700000         10.31402229
          1.05800000         10.27737832
          1.05900000         10.23568668
          1.06000000         10.18930743
          1.06100000         10.13858600
          1.06200000         10.08385303
          1.06300000         10.02542431
          1.06400000          9.96360091
          1.06500000          9.89866932
          1.06600000          9.83090162
          1.06700000          9.76055585
          1.06800000          9.68787630
          1.06900000          9.61309391
          1.07000000          9.53642664
          1.07100000          9.45807998
          1.07200000          9.37824730
          1.07300000          9.29711042
          1.07400000          9.21484000
          1.07500000          9.13159605
          1.07600000          9.04752839
          1.07700000          8.96277713
          1.07800000          8.87747313
          1.07900000          8.79173844
          1.08000000          8.70568675
          1.08100000          8.61942382
          1.08200000          8.53304793
          1.08300000          8.44665021
          1.08400000          8.36031512
          1.08500000          8.27412075
          1.08600000          8.18813923
          1.08700000          8.10243705
          1.08800000          8.01707541
          1.08900000          7.93211049
          1.09000000          7.84759382
          1.09100000          7.76357252
          1.09200000          7.68008957
          1.09300000          7.59718408
          1.09400000          7.51489157
          1.09500000          7.43324411
          1.09600000          7.35227064
          1.09700000          7.27199711
          1.09800000          7.19244673
          1.09900000          7.11364008
          1.10000000          7.03559537
          1.10100000          6.95832854
          1.10200000          6.88185345
          1.10300000          6.80618202
          1.10400000          6.73132434
          1.10500000          6.65728884
          1.10600000          6.58408240
          1.10700000          6.51171044
          1.10800000          6.44017703
          1.10900000          6.36948504
          1.11000000          6.29963617
          1.11100000          6.23063108
          1.11200000          6.16246943
          1.11300000          6.09515003
          1.11400000          6.02867082
          1.11500000          5.96302903
          1.11600000          5.89822115
          1.11700000          5.83424307
          1.11800000          5.77109010
          1.11900000          5.70875701
          1.12000000          5.64723809
          1.12100000          5.58652722
          1.12200000          5.52661786
          1.12300000          5.46750313
          1.12400000          5.40917584
          1.12500000          5.35162850
          1.12600000          5.29485338
          1.12700000          5.23884253
          1.12800000          5.18358780
          1.12900000          5.12908086
          1.13000000          5.07531325
          1.13100000          5.02227639
          1.13200000          4.96996156
          1.13300000          4.91836000
          1.13400000          4.86746285
          1.13500000          4.81726120
          1.13600000          4.76774612
          1.13700000          4.71890863
          1.13800000          4.67073976
          1.13900000          4.62323052
          1.14000000          4.57637196
          1.14100000          4.53015510
          1.14200000          4.48457104
          1.14300000          4.43961089
          1.14400000          4.39526581
          1.14500000          4.35152700
          1.14600000          4.30838574
          1.14700000          4.26583335
          1.14800000          4.22386123
          1.14900000          4.18246085
          1.15000000          4.14162376
          1.15100000          4.10134159
          1.15200000          4.06160604
          1.15300000          4.02240891
          1.15400000          3.98374209
          1.15500000          3.94559756
          1.15600000          3.90796738
          1.15700000          3.87084372
          1.15800000          3.83421885
          1.15900000          3.79808512
          1.16000000          3.76243500
          1.16100000          3.72726104
          1.16200000          3.69255590
          1.16300000          3.65831234
          1.16400000          3.62452322
          1.16500000          3.59118150
          1.16600000          3.55828024
          1.16700000          3.52581260
          1.16800000          3.49377186
          1.16900000          3.46215136
          1.17000000          3.43094458
          1.17100000          3.40014508
          1.17200000          3.36974651
          1.17300000          3.33974264
          1.17400000          3.31012732
          1.17500000          3.28089451
          1.17600000          3.25203826
          1.17700000          3.22355270
          1.17800000          3.19543207
          1.17900000          3.16767071
          1.18000000          3.14026303
          1.18100000          3.11320354
          1.18200000          3.08648686
          1.18300000          3.06010766
          1.18400000          3.03406072
          1.18500000          3.00834092
          1.18600000          2.98294318
          1.18700000          2.95786256
          1.18800000          2.93309416
          1.18900000          2.90863319
          1.19000000          2.88447491
          1.19100000          2.86061468
          1.19200000          2.83704795
          1.19300000          2.81377021
          1.19400000          2.79077707
          1.19500000          2.76806417
          1.19600000          2.74562727
          1.19700000          2.72346215
          1.19800000          2.70156471
          1.19900000          2.67993088
          1.20000000          2.65855670
          1.20100000          2.63743823
          1.20200000          2.61657164
          1.20300000          2.59595314
          1.20400000          2.57557901
          1.20500000          2.55544560
          1.20600000          2.53554931
          1.20700000          2.51588661
          1.20800000          2.49645403
          1.20900000          2.47724815
          1.21000000          2.45826563
          1.21100000          2.43950315
          1.21200000          2.42095748
          1.21300000          2.40262544
          1.21400000          2.38450388
          1.21500000          2.36658973
          1.21600000          2.34887996
          1.21700000          2.33137159
          1.21800000          2.31406170
          1.21900000          2.29694741
          1.22000000          2.28002588
          1.22100000          2.26329435
          1.22200000          2.24675007
          1.22300000          2.23039036
          1.22400000          2.21421257
          1.22500000          2.19821410
          1.22600000          2.18239241
          1.22700000          2.16674497
          1.22800000          2.15126931
          1.22900000          2.13596301
          1.23000000          2.12082368
          1.23100000          2.10584897
          1.23200000          2.09103656
          1.23300000          2.07638419
          1.23400000          2.06188961
          1.23500000          2.04755064
          1.23600000          2.03336511
          1.23700000          2.01933090
          1.23800000          2.00544591
          1.23900000          1.99170809
          1.24000000          1.97811541
          1.24100000          1.96466589
          1.24200000          1.95135756
          1.24300000          1.93818851
          1.24400000          1.92515683
          1.24500000          1.91226066
          1.24600000          1.89949818
          1.24700000          1.88686757
          1.24800000          1.87436707
          1.24900000          1.86199492
          1.25000000          1.84974940
          1.25100000          1.83762884
          1.25200000          1.82563155
          1.25300000          1.81375592
          1.25400000          1.80200032
          1.25500000          1.79036316
          1.25600000          1.77884290
          1.25700000          1.76743799
          1.25800000          1.75614693
          1.25900000          1.74496822
          1.26000000          1.73390040
          1.26100000          1.72294203
          1.26200000          1.71209170
          1.26300000          1.70134800
          1.26400000          1.69070956
          1.26500000          1.68017503
          1.26600000          1.66974308
          1.26700000          1.65941239
          1.26800000          1.64918167
          1.26900000          1.63904966
          1.27000000          1.62901509
          1.27100000          1.61907675
          1.27200000          1.60923341
          1.27300000          1.59948387
          1.27400000          1.58982697
          1.27500000          1.58026154
          1.27600000          1.57078644
          1.27700000          1.56140056
          1.27800000          1.55210277
          1.27900000          1.54289199
          1.28000000          1.53376714
          1.28100000          1.52472718
          1.28200000          1.51577105
          1.28300000          1.50689773
          1.28400000          1.49810620
          1.28500000          1.48939548
          1.28600000          1.48076458
          1.28700000          1.47221253
          1.28800000          1.46373839
          1.28900000          1.45534120
          1.29000000          1.44702005
          1.29100000          1.43877403
          1.29200000          1.43060224
          1.29300000          1.42250379
          1.29400000          1.41447781
          1.29500000          1.40652345
          1.29600000          1.39863985
          1.29700000          1.39082618
          1.29800000          1.38308161
          1.29900000          1.37540535
          1.30000000          1.36779658
          1.30100000          1.36025453
          1.30200000          1.35277841
          1.30300000          1.34536745
          1.30400000          1.33802091
          1.30500000          1.33073805
          1.30600000          1.32351812
          1.30700000          1.31636040
          1.30800000          1.30926419
          1.30900000          1.30222877
          1.31000000          1.29525346
          1.31100000          1.28833757
          1.31200000          1.28148044
          1.31300000          1.27468139
          1.31400000          1.26793977
          1.31500000          1.26125493
          1.31600000          1.25462624
          1.31700000          1.24805307
          1.31800000          1.24153479
          1.31900000          1.23507081
          1.32000000          1.22866051
          1.32100000          1.22230330
          1.32200000          1.21599860
          1.32300000          1.20974582
          1.32400000          1.20354440
          1.32500000          1.19739377
          1.32600000          1.19129338
          1.32700000          1.18524268
          1.32800000          1.17924112
          1.32900000          1.17328818
          1.33000000          1.16738333
          1.33100000          1.16152606
          1.33200000          1.15571584
          1.33300000          1.14995217
          1.33400000          1.14423456
          1.33500000          1.13856251
          1.33600000          1.13293553
          1.33700000          1.12735316
          1.33800000          1.12181491
          1.33900000          1.11632031
          1.34000000          1.11086892
          1.34100000          1.10546026
          1.34200000          1.10009390
          1.34300000          1.09476940
          1.34400000          1.08948630
          1.34500000          1.08424419
          1.34600000          1.07904263
          1.34700000          1.07388121
          1.34800000          1.06875951
          1.34900000          1.06367712
          1.35000000          1.05863364
          1.35100000          1.05362866
          1.35200000          1.04866180
          1.35300000          1.04373266
          1.35400000          1.03884086
          1.35500000          1.03398602
          1.35600000          1.02916776
          1.35700000          1.02438571
          1.35800000          1.01963952
          1.35900000          1.01492881
          1.36000000          1.01025324
          1.36100000          1.00561244
          1.36200000          1.00100608
          1.36300000          0.99643381
          1.36400000          0.99189528
          1.36500000          0.98739017
          1.36600000          0.98291815
          1.36700000          0.97847888
          1.36800000          0.97407205
          1.36900000          0.96969733
          1.37000000          0.96535441
          1.37100000          0.96104299
          1.37200000          0.95676275
          1.37300000          0.95251338
          1.37400000          0.94829460
          1.37500000          0.94410610
          1.37600000          0.93994759
          1.37700000          0.93581878
          1.37800000          0.93171939
          1.37900000          0.92764913
          1.38000000          0.92360773
          1.38100000          0.91959490
          1.38200000          0.91561039
          1.38300000          0.91165390
          1.38400000          0.90772520
          1.38500000          0.90382400
          1.38600000          0.89995005
          1.38700000          0.89610309
          1.38800000          0.89228287
          1.38900000          0.88848914
          1.39000000          0.88472165
          1.39100000          0.88098015
          1.39200000          0.87726441
          1.39300000          0.87357418
          1.39400000          0.86990923
          1.39500000          0.86626932
          1.39600000          0.86265423
          1.39700000          0.85906372
          1.39800000          0.85549757
          1.39900000          0.85195556
          1.40000000          0.84843746
          1.40100000          0.84494306
          1.40200000          0.84147214
          1.40300000          0.83802449
          1.40400000          0.83459989
          1.40500000          0.83119814
          1.40600000          0.82781904
          1.40700000          0.82446237
          1.40800000          0.82112795
          1.40900000          0.81781556
          1.41000000          0.81452501
          1.41100000          0.81125610
          1.41200000          0.80800866
          1.41300000          0.80478247
          1.41400000          0.80157736
          1.41500000          0.79839314
          1.41600000          0.79522962
          1.41700000          0.79208663
          1.41800000          0.78896397
          1.41900000          0.78586148
          1.42000000          0.78277898
          1.42100000          0.77971629
          1.42200000          0.77667324
          1.42300000          0.77364966
          1.42400000          0.77064538
          1.42500000          0.76766024
          1.42600000          0.76469407
          1.42700000          0.76174670
          1.42800000          0.75881797
          1.42900000          0.75590773
          1.43000000          0.75301582
          1.43100000          0.75014207
          1.43200000          0.74728634
          1.43300000          0.74444847
          1.43400000          0.74162831
          1.43500000          0.73882571
          1.43600000          0.73604053
          1.43700000          0.73327261
          1.43800000          0.73052181
          1.43900000          0.72778798
          1.44000000          0.72507099
          1.44100000          0.72237069
          1.44200000          0.71968695
          1.44300000          0.71701962
          1.44400000          0.71436858
          1.44500000          0.71173368
          1.44600000          0.70911479
          1.44700000          0.70651178
          1.44800000          0.70392452
          1.44900000          0.70135287
          1.45000000          0.69879672
          1.45100000          0.69625594
          1.45200000          0.69373039
          1.45300000          0.69121996
          1.45400000          0.68872452
          1.45500000          0.68624395
          1.45600000          0.68377812
          1.45700000          0.68132693
          1.45800000          0.67889026
          1.45900000          0.67646797
          1.46000000          0.67405997
          1.46100000          0.67166613
          1.46200000          0.66928635
          1.46300000          0.66692050
          1.46400000          0.66456849
          1.46500000          0.66223019
          1.46600000          0.65990550
          1.46700000          0.65759432
          1.46800000          0.65529653
          1.46900000          0.65301203
          1.47000000          0.65074072
          1.47100000          0.64848248
          1.47200000          0.64623723
          1.47300000          0.64400485
          1.47400000          0.64178525
          1.47500000          0.63957833
          1.47600000          0.63738399
          1.47700000          0.63520212
          1.47800000          0.63303265
          1.47900000          0.63087546
          1.48000000          0.62873046
          1.48100000          0.62659756
          1.48200000          0.62447668
          1.48300000          0.62236770
          1.48400000          0.62027055
          1.48500000          0.61818513
          1.48600000          0.61611136
          1.48700000          0.61404914
          1.48800000          0.61199839
          1.48900000          0.60995901
          1.49000000          0.60793094
          1.49100000          0.60591407
          1.49200000          0.60390832
          1.49300000          0.60191362
          1.49400000          0.59992987
          1.49500000          0.59795700
          1.49600000          0.59599493
          1.49700000          0.59404356
          1.49800000          0.59210284
          1.49900000          0.59017266
          1.50000000          0.58825296
          1.50100000          0.58634367
          1.50200000          0.58444469
          1.50300000          0.58255596
          1.50400000          0.58067740
          1.50500000          0.57880893
          1.50600000          0.57695049
          1.50700000          0.57510199
          1.50800000          0.57326337
          1.50900000          0.57143456
          1.51000000          0.56961547
          1.51100000          0.56780605
          1.51200000          0.56600622
          1.51300000          0.56421590
          1.51400000          0.56243505
          1.51500000          0.56066357
          1.51600000          0.55890141
          1.51700000          0.55714851
          1.51800000          0.55540478
          1.51900000          0.55367018
          1.52000000          0.55194462
          1.52100000          0.55022806
          1.52200000          0.54852042
          1.52300000          0.54682164
          1.52400000          0.54513165
          1.52500000          0.54345041
          1.52600000          0.54177783
          1.52700000          0.54011387
          1.52800000          0.53845846
          1.52900000          0.53681154
          1.53000000          0.53517306
          1.53100000          0.53354294
          1.53200000          0.53192114
          1.53300000          0.53030760
          1.53400000          0.52870226
          1.53500000          0.52710506
          1.53600000          0.52551594
          1.53700000          0.52393485
          1.53800000          0.52236174
          1.53900000          0.52079654
          1.54000000          0.51923921
          1.54100000          0.51768969
          1.54200000          0.51614793
          1.54300000          0.51461387
          1.54400000          0.51308746
          1.54500000          0.51156864
          1.54600000          0.51005738
          1.54700000          0.50855361
          1.54800000          0.50705728
          1.54900000          0.50556835
          1.55000000          0.50408676
          1.55100000          0.50261246
          1.55200000          0.50114541
          1.55300000          0.49968555
          1.55400000          0.49823285
          1.55500000          0.49678724
          1.55600000          0.49534868
          1.55700000          0.49391713
          1.55800000          0.49249254
          1.55900000          0.49107486
          1.56000000          0.48966404
          1.56100000          0.48826004
          1.56200000          0.48686282
          1.56300000          0.48547233
          1.56400000          0.48408853
          1.56500000          0.48271136
          1.56600000          0.48134080
          1.56700000          0.47997679
          1.56800000          0.47861929
          1.56900000          0.47726825
          1.57000000          0.47592365
          1.57100000          0.47458543
          1.57200000          0.47325355
          1.57300000          0.47192797
          1.57400000          0.47060866
          1.57500000          0.46929556
          1.57600000          0.46798865
          1.57700000          0.46668787
          1.57800000          0.46539320
          1.57900000          0.46410458
          1.58000000          0.46282199
          1.58100000          0.46154538
          1.58200000          0.46027472
          1.58300000          0.45900996
          1.58400000          0.45775107
          1.58500000          0.45649802
          1.58600000          0.45525076
          1.58700000          0.45400925
          1.58800000          0.45277347
          1.58900000          0.45154338
          1.59000000          0.45031893
          1.59100000          0.44910010
          1.59200000          0.44788684
          1.59300000          0.44667913
          1.59400000          0.44547693
          1.59500000          0.44428020
          1.59600000          0.44308891
          1.59700000          0.44190302
          1.59800000          0.44072251
          1.59900000          0.43954733
          1.60000000          0.43837746
          1.60100000          0.43721287
          1.60200000          0.43605351
          1.60300000          0.43489936
          1.60400000          0.43375039
          1.60500000          0.43260655
          1.60600000          0.43146783
          1.60700000          0.43033419
          1.60800000          0.42920560
          1.60900000          0.42808202
          1.61000000          0.42696344
          1.61100000          0.42584981
          1.61200000          0.42474110
          1.61300000          0.42363730
          1.61400000          0.42253836
          1.61500000          0.42144425
          1.61600000          0.42035496
          1.61700000          0.41927044
          1.61800000          0.41819067
          1.61900000          0.41711563
          1.62000000          0.41604527
          1.62100000          0.41497959
          1.62200000          0.41391853
          1.62300000          0.41286209
          1.62400000          0.41181023
          1.62500000          0.41076292
          1.62600000          0.40972014
          1.62700000          0.40868186
          1.62800000          0.40764805
          1.62900000          0.40661869
          1.63000000          0.40559375
          1.63100000          0.40457320
          1.63200000          0.40355702
          1.63300000          0.40254519
          1.63400000          0.40153767
          1.63500000          0.40053444
          1.63600000          0.39953548
          1.63700000          0.39854076
          1.63800000          0.39755025
          1.63900000          0.39656394
          1.64000000          0.39558179
          1.64100000          0.39460379
          1.64200000          0.39362990
          1.64300000          0.39266012
          1.64400000          0.39169440
          1.64500000          0.39073273
          1.64600000          0.38977508
          1.64700000          0.38882144
          1.64800000          0.38787177
          1.64900000          0.38692606
          1.65000000          0.38598428
          1.65100000          0.38504641
          1.65200000          0.38411243
          1.65300000          0.38318231
          1.65400000          0.38225603
          1.65500000          0.38133358
          1.65600000          0.38041493
          1.65700000          0.37950005
          1.65800000          0.37858893
          1.65900000          0.37768155
          1.66000000          0.37677788
          1.66100000          0.37587790
          1.66200000          0.37498160
          1.66300000          0.37408894
          1.66400000          0.37319992
          1.66500000          0.37231451
          1.66600000          0.37143269
          1.66700000          0.37055444
          1.66800000          0.36967974
          1.66900000          0.36880857
          1.67000000          0.36794091
          1.67100000          0.36707674
          1.67200000          0.36621604
          1.67300000          0.36535880
          1.67400000          0.36450498
          1.67500000          0.36365459
          1.67600000          0.36280759
          1.67700000          0.36196396
          1.67800000          0.36112370
          1.67900000          0.36028677
          1.68000000          0.35945317
          1.68100000          0.35862287
          1.68200000          0.35779585
          1.68300000          0.35697210
          1.68400000          0.35615160
          1.68500000          0.35533433
          1.68600000          0.35452028
          1.68700000          0.35370942
          1.68800000          0.35290174
          1.68900000          0.35209722
          1.69000000          0.35129585
          1.69100000          0.35049761
          1.69200000          0.34970247
          1.69300000          0.34891043
          1.69400000          0.34812147
          1.69500000          0.34733557
          1.69600000          0.34655272
          1.69700000          0.34577289
          1.69800000          0.34499607
          1.69900000          0.34422225
          1.70000000          0.34345141
          1.70100000          0.34268354
          1.70200000          0.34191861
          1.70300000          0.34115661
          1.70400000          0.34039754
          1.70500000          0.33964136
          1.70600000          0.33888807
          1.70700000          0.33813765
          1.70800000          0.33739009
          1.70900000          0.33664537
          1.71000000          0.33590347
          1.71100000          0.33516439
          1.71200000          0.33442810
          1.71300000          0.33369459
          1.71400000          0.33296385
          1.71500000          0.33223586
          1.71600000          0.33151061
          1.71700000          0.33078809
          1.71800000          0.33006828
          1.71900000          0.32935116
          1.72000000          0.32863672
          1.72100000          0.32792495
          1.72200000          0.32721583
          1.72300000          0.32650936
          1.72400000          0.32580551
          1.72500000          0.32510428
          1.72600000          0.32440564
          1.72700000          0.32370959
          1.72800000          0.32301612
          1.72900000          0.32232520
          1.73000000          0.32163684
          1.73100000          0.32095100
          1.73200000          0.32026769
          1.73300000          0.31958688
          1.73400000          0.31890857
          1.73500000          0.31823275
          1.73600000          0.31755939
          1.73700000          0.31688849
          1.73800000          0.31622004
          1.73900000          0.31555402
          1.74000000          0.31489042
          1.74100000          0.31422923
          1.74200000          0.31357043
          1.74300000          0.31291402
          1.74400000          0.31225998
          1.74500000          0.31160830
          1.74600000          0.31095897
          1.74700000          0.31031198
          1.74800000          0.30966731
          1.74900000          0.30902495
          1.75000000          0.30838490
          1.75100000          0.30774714
          1.75200000          0.30711165
          1.75300000          0.30647844
          1.75400000          0.30584748
          1.75500000          0.30521877
          1.75600000          0.30459229
          1.75700000          0.30396803
          1.75800000          0.30334599
          1.75900000          0.30272615
          1.76000000          0.30210850
          1.76100000          0.30149303
          1.76200000          0.30087973
          1.76300000          0.30026859
          1.76400000          0.29965959
          1.76500000          0.29905274
          1.76600000          0.29844801
          1.76700000          0.29784539
          1.76800000          0.29724489
          1.76900000          0.29664648
          1.77000000          0.29605016
          1.77100000          0.29545591
          1.77200000          0.29486373
          1.77300000          0.29427361
          1.77400000          0.29368553
          1.77500000          0.29309949
          1.77600000          0.29251547
          1.77700000          0.29193347
          1.77800000          0.29135348
          1.77900000          0.29077549
          1.78000000          0.29019948
          1.78100000          0.28962546
          1.78200000          0.28905340
          1.78300000          0.28848330
          1.78400000          0.28791515
          1.78500000          0.28734895
          1.78600000          0.28678467
          1.78700000          0.28622232
          1.78800000          0.28566188
          1.78900000          0.28510335
          1.79000000          0.28454671
          1.79100000          0.28399196
          1.79200000          0.28343908
          1.79300000          0.28288808
          1.79400000          0.28233893
          1.79500000          0.28179164
          1.79600000          0.28124619
          1.79700000          0.28070257
          1.79800000          0.28016078
          1.79900000          0.27962081
          1.80000000          0.27908264
          1.80100000          0.27854628
          1.80200000          0.27801170
          1.80300000          0.27747891
          1.80400000          0.27694790
          1.80500000          0.27641865
          1.80600000          0.27589116
          1.80700000          0.27536542
          1.80800000          0.27484142
          1.80900000          0.27431916
          1.81000000          0.27379863
          1.81100000          0.27327981
          1.81200000          0.27276270
          1.81300000          0.27224730
          1.81400000          0.27173359
          1.81500000          0.27122157
          1.81600000          0.27071123
          1.81700000          0.27020256
          1.81800000          0.26969555
          1.81900000          0.26919020
          1.82000000          0.26868650
          1.82100000          0.26818444
          1.82200000          0.26768402
          1.82300000          0.26718522
          1.82400000          0.26668804
          1.82500000          0.26619248
          1.82600000          0.26569852
          1.82700000          0.26520615
          1.82800000          0.26471538
          1.82900000          0.26422619
          1.83000000          0.26373858
          1.83100000          0.26325253
          1.83200000          0.26276805
          1.83300000          0.26228512
          1.83400000          0.26180374
          1.83500000          0.26132391
          1.83600000          0.26084560
          1.83700000          0.26036883
          1.83800000          0.25989357
          1.83900000          0.25941983
          1.84000000          0.25894759
          1.84100000          0.25847686
          1.84200000          0.25800762
          1.84300000          0.25753987
          1.84400000          0.25707360
          1.84500000          0.25660880
          1.84600000          0.25614547
          1.84700000          0.25568360
          1.84800000          0.25522318
          1.84900000          0.25476422
          1.85000000          0.25430670
          1.85100000          0.25385061
          1.85200000          0.25339595
          1.85300000          0.25294271
          1.85400000          0.25249090
          1.85500000          0.25204049
          1.85600000          0.25159149
          1.85700000          0.25114388
          1.85800000          0.25069767
          1.85900000          0.25025285
          1.86000000          0.24980940
          1.86100000          0.24936733
          1.86200000          0.24892663
          1.86300000          0.24848729
          1.86400000          0.24804931
          1.86500000          0.24761268
          1.86600000          0.24717739
          1.86700000          0.24674344
          1.86800000          0.24631083
          1.86900000          0.24587955
          1.87000000          0.24544958
          1.87100000          0.24502094
          1.87200000          0.24459360
          1.87300000          0.24416757
          1.87400000          0.24374284
          1.87500000          0.24331941
          1.87600000          0.24289726
          1.87700000          0.24247639
          1.87800000          0.24205681
          1.87900000          0.24163849
          1.88000000          0.24122145
          1.88100000          0.24080566
          1.88200000          0.24039113
          1.88300000          0.23997785
          1.88400000          0.23956582
          1.88500000          0.23915503
          1.88600000          0.23874547
          1.88700000          0.23833715
          1.88800000          0.23793005
          1.88900000          0.23752416
          1.89000000          0.23711950
          1.89100000          0.23671604
          1.89200000          0.23631379
          1.89300000          0.23591274
          1.89400000          0.23551288
          1.89500000          0.23511421
          1.89600000          0.23471672
          1.89700000          0.23432042
          1.89800000          0.23392529
          1.89900000          0.23353133
          1.90000000          0.23313854
          1.90100000          0.23274690
          1.90200000          0.23235642
          1.90300000          0.23196710
          1.90400000          0.23157892
          1.90500000          0.23119188
          1.90600000          0.23080597
          1.90700000          0.23042120
          1.90800000          0.23003756
          1.90900000          0.22965504
          1.91000000          0.22927363
          1.91100000          0.22889334
          1.91200000          0.22851416
          1.91300000          0.22813609
          1.91400000          0.22775911
          1.91500000          0.22738323
          1.91600000          0.22700844
          1.91700000          0.22663474
          1.91800000          0.22626212
          1.91900000          0.22589058
          1.92000000          0.22552011
          1.92100000          0.22515071
          1.92200000          0.22478237
          1.92300000          0.22441510
          1.92400000          0.22404888
          1.92500000          0.22368371
          1.92600000          0.22331960
          1.92700000          0.22295652
          1.92800000          0.22259449
          1.92900000          0.22223349
          1.93000000          0.22187352
          1.93100000          0.22151458
          1.93200000          0.22115666
          1.93300000          0.22079976
          1.93400000          0.22044387
          1.93500000          0.22008900
          1.93600000          0.21973513
          1.93700000          0.21938227
          1.93800000          0.21903040
          1.93900000          0.21867953
          1.94000000          0.21832965
          1.94100000          0.21798076
          1.94200000          0.21763285
          1.94300000          0.21728592
          1.94400000          0.21693996
          1.94500000          0.21659498
          1.94600000          0.21625096
          1.94700000          0.21590791
          1.94800000          0.21556582
          1.94900000          0.21522468
          1.95000000          0.21488450
          1.95100000          0.21454526
          1.95200000          0.21420698
          1.95300000          0.21386963
          1.95400000          0.21353322
          1.95500000          0.21319774
          1.95600000          0.21286320
          1.95700000          0.21252958
          1.95800000          0.21219688
          1.95900000          0.21186511
          1.96000000          0.21153425
          1.96100000          0.21120431
          1.96200000          0.21087527
          1.96300000          0.21054714
          1.96400000          0.21021991
          1.96500000          0.20989358
          1.96600000          0.20956814
          1.96700000          0.20924360
          1.96800000          0.20891994
          1.96900000          0.20859717
          1.97000000          0.20827528
          1.97100000          0.20795427
          1.97200000          0.20763414
          1.97300000          0.20731487
          1.97400000          0.20699648
          1.97500000          0.20667895
          1.97600000          0.20636228
          1.97700000          0.20604647
          1.97800000          0.20573151
          1.97900000          0.20541741
          1.98000000          0.20510415
          1.98100000          0.20479174
          1.98200000          0.20448017
          1.98300000          0.20416944
          1.98400000          0.20385955
          1.98500000          0.20355049
          1.98600000          0.20324226
          1.98700000          0.20293485
          1.98800000          0.20262827
          1.98900000          0.20232251
          1.99000000          0.20201756
          1.99100000          0.20171343
          1.99200000          0.20141011
          1.99300000          0.20110760
          1.99400000          0.20080590
          1.99500000          0.20050499
          1.99600000          0.20020489
          1.99700000          0.19990558
          1.99800000          0.19960706
          1.99900000          0.19930933
