          0.00000000          0.00000000
          0.00100000          0.00009920
          0.00200000          0.00019880
          0.00300000          0.00029880
          0.00400000          0.00039919
          0.00500000          0.00049998
          0.00600000          0.00060117
          0.00700000          0.00070276
          0.00800000          0.00080476
          0.00900000          0.00090716
          0.01000000          0.00100998
          0.01100000          0.00111320
          0.01200000          0.00121683
          0.01300000          0.00132088
          0.01400000          0.00142535
          0.01500000          0.00153023
          0.01600000          0.00163553
          0.01700000          0.00174125
          0.01800000          0.00184740
          0.01900000          0.00195396
          0.02000000          0.00206096
          0.02100000          0.00216839
          0.02200000          0.00227624
          0.02300000          0.00238453
          0.02400000          0.00249326
          0.02500000          0.00260242
          0.02600000          0.00271202
          0.02700000          0.00282205
          0.02800000          0.00293254
          0.02900000          0.00304346
          0.03000000          0.00315484
          0.03100000          0.00326666
          0.03200000          0.00337893
          0.03300000          0.00349166
          0.03400000          0.00360484
          0.03500000          0.00371848
          0.03600000          0.00383257
          0.03700000          0.00394713
          0.03800000          0.00406215
          0.03900000          0.00417764
          0.04000000          0.00429359
          0.04100000          0.00441002
          0.04200000          0.00452691
          0.04300000          0.00464428
          0.04400000          0.00476213
          0.04500000          0.00488045
          0.04600000          0.00499926
          0.04700000          0.00511855
          0.04800000          0.00523832
          0.04900000          0.00535858
          0.05000000          0.00547933
          0.05100000          0.00560057
          0.05200000          0.00572231
          0.05300000          0.00584454
          0.05400000          0.00596727
          0.05500000          0.00609050
          0.05600000          0.00621424
          0.05700000          0.00633848
          0.05800000          0.00646323
          0.05900000          0.00658849
          0.06000000          0.00671426
          0.06100000          0.00684055
          0.06200000          0.00696736
          0.06300000          0.00709468
          0.06400000          0.00722253
          0.06500000          0.00735090
          0.06600000          0.00747981
          0.06700000          0.00760924
          0.06800000          0.00773920
          0.06900000          0.00786970
          0.07000000          0.00800073
          0.07100000          0.00813231
          0.07200000          0.00826443
          0.07300000          0.00839709
          0.07400000          0.00853030
          0.07500000          0.00866406
          0.07600000          0.00879838
          0.07700000          0.00893325
          0.07800000          0.00906867
          0.07900000          0.00920466
          0.08000000          0.00934122
          0.08100000          0.00947833
          0.08200000          0.00961602
          0.08300000          0.00975428
          0.08400000          0.00989311
          0.08500000          0.01003252
          0.08600000          0.01017251
          0.08700000          0.01031309
          0.08800000          0.01045424
          0.08900000          0.01059599
          0.09000000          0.01073833
          0.09100000          0.01088126
          0.09200000          0.01102479
          0.09300000          0.01116891
          0.09400000          0.01131364
          0.09500000          0.01145898
          0.09600000          0.01160492
          0.09700000          0.01175148
          0.09800000          0.01189864
          0.09900000          0.01204643
          0.10000000          0.01219484
          0.10100000          0.01234387
          0.10200000          0.01249352
          0.10300000          0.01264381
          0.10400000          0.01279472
          0.10500000          0.01294627
          0.10600000          0.01309847
          0.10700000          0.01325130
          0.10800000          0.01340477
          0.10900000          0.01355890
          0.11000000          0.01371368
          0.11100000          0.01386911
          0.11200000          0.01402519
          0.11300000          0.01418194
          0.11400000          0.01433935
          0.11500000          0.01449743
          0.11600000          0.01465618
          0.11700000          0.01481560
          0.11800000          0.01497570
          0.11900000          0.01513649
          0.12000000          0.01529795
          0.12100000          0.01546010
          0.12200000          0.01562294
          0.12300000          0.01578648
          0.12400000          0.01595071
          0.12500000          0.01611565
          0.12600000          0.01628128
          0.12700000          0.01644763
          0.12800000          0.01661469
          0.12900000          0.01678246
          0.13000000          0.01695095
          0.13100000          0.01712016
          0.13200000          0.01729010
          0.13300000          0.01746077
          0.13400000          0.01763217
          0.13500000          0.01780431
          0.13600000          0.01797718
          0.13700000          0.01815080
          0.13800000          0.01832517
          0.13900000          0.01850029
          0.14000000          0.01867617
          0.14100000          0.01885280
          0.14200000          0.01903020
          0.14300000          0.01920836
          0.14400000          0.01938730
          0.14500000          0.01956701
          0.14600000          0.01974749
          0.14700000          0.01992876
          0.14800000          0.02011082
          0.14900000          0.02029367
          0.15000000          0.02047731
          0.15100000          0.02066174
          0.15200000          0.02084699
          0.15300000          0.02103303
          0.15400000          0.02121989
          0.15500000          0.02140756
          0.15600000          0.02159606
          0.15700000          0.02178537
          0.15800000          0.02197551
          0.15900000          0.02216649
          0.16000000          0.02235830
          0.16100000          0.02255095
          0.16200000          0.02274444
          0.16300000          0.02293878
          0.16400000          0.02313398
          0.16500000          0.02333003
          0.16600000          0.02352695
          0.16700000          0.02372473
          0.16800000          0.02392338
          0.16900000          0.02412291
          0.17000000          0.02432332
          0.17100000          0.02452461
          0.17200000          0.02472679
          0.17300000          0.02492987
          0.17400000          0.02513384
          0.17500000          0.02533872
          0.17600000          0.02554450
          0.17700000          0.02575120
          0.17800000          0.02595881
          0.17900000          0.02616735
          0.18000000          0.02637681
          0.18100000          0.02658720
          0.18200000          0.02679853
          0.18300000          0.02701081
          0.18400000          0.02722403
          0.18500000          0.02743820
          0.18600000          0.02765332
          0.18700000          0.02786941
          0.18800000          0.02808647
          0.18900000          0.02830449
          0.19000000          0.02852350
          0.19100000          0.02874348
          0.19200000          0.02896446
          0.19300000          0.02918642
          0.19400000          0.02940938
          0.19500000          0.02963335
          0.19600000          0.02985832
          0.19700000          0.03008431
          0.19800000          0.03031132
          0.19900000          0.03053935
          0.20000000          0.03076841
          0.20100000          0.03099851
          0.20200000          0.03122965
          0.20300000          0.03146183
          0.20400000          0.03169507
          0.20500000          0.03192937
          0.20600000          0.03216473
          0.20700000          0.03240115
          0.20800000          0.03263866
          0.20900000          0.03287724
          0.21000000          0.03311691
          0.21100000          0.03335768
          0.21200000          0.03359954
          0.21300000          0.03384251
          0.21400000          0.03408658
          0.21500000          0.03433178
          0.21600000          0.03457809
          0.21700000          0.03482554
          0.21800000          0.03507412
          0.21900000          0.03532384
          0.22000000          0.03557471
          0.22100000          0.03582673
          0.22200000          0.03607991
          0.22300000          0.03633426
          0.22400000          0.03658978
          0.22500000          0.03684648
          0.22600000          0.03710437
          0.22700000          0.03736344
          0.22800000          0.03762372
          0.22900000          0.03788520
          0.23000000          0.03814789
          0.23100000          0.03841180
          0.23200000          0.03867694
          0.23300000          0.03894331
          0.23400000          0.03921092
          0.23500000          0.03947977
          0.23600000          0.03974987
          0.23700000          0.04002124
          0.23800000          0.04029387
          0.23900000          0.04056778
          0.24000000          0.04084297
          0.24100000          0.04111944
          0.24200000          0.04139721
          0.24300000          0.04167628
          0.24400000          0.04195667
          0.24500000          0.04223837
          0.24600000          0.04252139
          0.24700000          0.04280575
          0.24800000          0.04309144
          0.24900000          0.04337848
          0.25000000          0.04366688
          0.25100000          0.04395664
          0.25200000          0.04424777
          0.25300000          0.04454028
          0.25400000          0.04483417
          0.25500000          0.04512945
          0.25600000          0.04542614
          0.25700000          0.04572424
          0.25800000          0.04602375
          0.25900000          0.04632469
          0.26000000          0.04662706
          0.26100000          0.04693088
          0.26200000          0.04723614
          0.26300000          0.04754286
          0.26400000          0.04785105
          0.26500000          0.04816072
          0.26600000          0.04847186
          0.26700000          0.04878450
          0.26800000          0.04909864
          0.26900000          0.04941429
          0.27000000          0.04973146
          0.27100000          0.05005015
          0.27200000          0.05037038
          0.27300000          0.05069216
          0.27400000          0.05101549
          0.27500000          0.05134038
          0.27600000          0.05166684
          0.27700000          0.05199488
          0.27800000          0.05232451
          0.27900000          0.05265574
          0.28000000          0.05298858
          0.28100000          0.05332304
          0.28200000          0.05365913
          0.28300000          0.05399685
          0.28400000          0.05433622
          0.28500000          0.05467725
          0.28600000          0.05501994
          0.28700000          0.05536430
          0.28800000          0.05571036
          0.28900000          0.05605810
          0.29000000          0.05640756
          0.29100000          0.05675873
          0.29200000          0.05711162
          0.29300000          0.05746625
          0.29400000          0.05782263
          0.29500000          0.05818077
          0.29600000          0.05854067
          0.29700000          0.05890235
          0.29800000          0.05926582
          0.29900000          0.05963109
          0.30000000          0.05999816
          0.30100000          0.06036706
          0.30200000          0.06073779
          0.30300000          0.06111036
          0.30400000          0.06148479
          0.30500000          0.06186108
          0.30600000          0.06223925
          0.30700000          0.06261930
          0.30800000          0.06300125
          0.30900000          0.06338512
          0.31000000          0.06377090
          0.31100000          0.06415862
          0.31200000          0.06454829
          0.31300000          0.06493991
          0.31400000          0.06533350
          0.31500000          0.06572907
          0.31600000          0.06612663
          0.31700000          0.06652620
          0.31800000          0.06692779
          0.31900000          0.06733141
          0.32000000          0.06773707
          0.32100000          0.06814478
          0.32200000          0.06855456
          0.32300000          0.06896642
          0.32400000          0.06938038
          0.32500000          0.06979644
          0.32600000          0.07021462
          0.32700000          0.07063493
          0.32800000          0.07105738
          0.32900000          0.07148200
          0.33000000          0.07190878
          0.33100000          0.07233776
          0.33200000          0.07276893
          0.33300000          0.07320231
          0.33400000          0.07363792
          0.33500000          0.07407577
          0.33600000          0.07451588
          0.33700000          0.07495825
          0.33800000          0.07540291
          0.33900000          0.07584986
          0.34000000          0.07629913
          0.34100000          0.07675072
          0.34200000          0.07720465
          0.34300000          0.07766094
          0.34400000          0.07811960
          0.34500000          0.07858064
          0.34600000          0.07904409
          0.34700000          0.07950995
          0.34800000          0.07997824
          0.34900000          0.08044897
          0.35000000          0.08092217
          0.35100000          0.08139785
          0.35200000          0.08187602
          0.35300000          0.08235670
          0.35400000          0.08283991
          0.35500000          0.08332566
          0.35600000          0.08381397
          0.35700000          0.08430485
          0.35800000          0.08479832
          0.35900000          0.08529440
          0.36000000          0.08579311
          0.36100000          0.08629445
          0.36200000          0.08679846
          0.36300000          0.08730514
          0.36400000          0.08781452
          0.36500000          0.08832660
          0.36600000          0.08884142
          0.36700000          0.08935898
          0.36800000          0.08987930
          0.36900000          0.09040241
          0.37000000          0.09092832
          0.37100000          0.09145704
          0.37200000          0.09198861
          0.37300000          0.09252303
          0.37400000          0.09306032
          0.37500000          0.09360051
          0.37600000          0.09414361
          0.37700000          0.09468964
          0.37800000          0.09523863
          0.37900000          0.09579058
          0.38000000          0.09634553
          0.38100000          0.09690348
          0.38200000          0.09746447
          0.38300000          0.09802850
          0.38400000          0.09859561
          0.38500000          0.09916581
          0.38600000          0.09973912
          0.38700000          0.10031556
          0.38800000          0.10089516
          0.38900000          0.10147793
          0.39000000          0.10206390
          0.39100000          0.10265309
          0.39200000          0.10324551
          0.39300000          0.10384120
          0.39400000          0.10444017
          0.39500000          0.10504245
          0.39600000          0.10564805
          0.39700000          0.10625701
          0.39800000          0.10686934
          0.39900000          0.10748506
          0.40000000          0.10810420
          0.40100000          0.10872679
          0.40200000          0.10935284
          0.40300000          0.10998239
          0.40400000          0.11061545
          0.40500000          0.11125204
          0.40600000          0.11189220
          0.40700000          0.11253594
          0.40800000          0.11318330
          0.40900000          0.11383429
          0.41000000          0.11448895
          0.41100000          0.11514729
          0.41200000          0.11580934
          0.41300000          0.11647514
          0.41400000          0.11714469
          0.41500000          0.11781804
          0.41600000          0.11849521
          0.41700000          0.11917622
          0.41800000          0.11986109
          0.41900000          0.12054987
          0.42000000          0.12124257
          0.42100000          0.12193923
          0.42200000          0.12263986
          0.42300000          0.12334450
          0.42400000          0.12405318
          0.42500000          0.12476593
          0.42600000          0.12548276
          0.42700000          0.12620372
          0.42800000          0.12692884
          0.42900000          0.12765813
          0.43000000          0.12839164
          0.43100000          0.12912938
          0.43200000          0.12987140
          0.43300000          0.13061772
          0.43400000          0.13136838
          0.43500000          0.13212339
          0.43600000          0.13288281
          0.43700000          0.13364664
          0.43800000          0.13441494
          0.43900000          0.13518773
          0.44000000          0.13596504
          0.44100000          0.13674691
          0.44200000          0.13753337
          0.44300000          0.13832445
          0.44400000          0.13912018
          0.44500000          0.13992061
          0.44600000          0.14072576
          0.44700000          0.14153567
          0.44800000          0.14235037
          0.44900000          0.14316990
          0.45000000          0.14399429
          0.45100000          0.14482358
          0.45200000          0.14565781
          0.45300000          0.14649700
          0.45400000          0.14734121
          0.45500000          0.14819046
          0.45600000          0.14904480
          0.45700000          0.14990425
          0.45800000          0.15076887
          0.45900000          0.15163868
          0.46000000          0.15251372
          0.46100000          0.15339404
          0.46200000          0.15427967
          0.46300000          0.15517066
          0.46400000          0.15606704
          0.46500000          0.15696886
          0.46600000          0.15787614
          0.46700000          0.15878895
          0.46800000          0.15970731
          0.46900000          0.16063127
          0.47000000          0.16156088
          0.47100000          0.16249617
          0.47200000          0.16343718
          0.47300000          0.16438397
          0.47400000          0.16533657
          0.47500000          0.16629503
          0.47600000          0.16725940
          0.47700000          0.16822971
          0.47800000          0.16920602
          0.47900000          0.17018837
          0.48000000          0.17117681
          0.48100000          0.17217138
          0.48200000          0.17317213
          0.48300000          0.17417911
          0.48400000          0.17519237
          0.48500000          0.17621195
          0.48600000          0.17723791
          0.48700000          0.17827029
          0.48800000          0.17930914
          0.48900000          0.18035452
          0.49000000          0.18140648
          0.49100000          0.18246506
          0.49200000          0.18353032
          0.49300000          0.18460231
          0.49400000          0.18568109
          0.49500000          0.18676670
          0.49600000          0.18785921
          0.49700000          0.18895866
          0.49800000          0.19006511
          0.49900000          0.19117861
          0.50000000          0.19229923
          0.50100000          0.19342702
          0.50200000          0.19456203
          0.50300000          0.19570432
          0.50400000          0.19685396
          0.50500000          0.19801099
          0.50600000          0.19917549
          0.50700000          0.20034750
          0.50800000          0.20152709
          0.50900000          0.20271433
          0.51000000          0.20390926
          0.51100000          0.20511196
          0.51200000          0.20632248
          0.51300000          0.20754090
          0.51400000          0.20876727
          0.51500000          0.21000166
          0.51600000          0.21124414
          0.51700000          0.21249476
          0.51800000          0.21375360
          0.51900000          0.21502073
          0.52000000          0.21629620
          0.52100000          0.21758010
          0.52200000          0.21887249
          0.52300000          0.22017344
          0.52400000          0.22148302
          0.52500000          0.22280130
          0.52600000          0.22412836
          0.52700000          0.22546426
          0.52800000          0.22680908
          0.52900000          0.22816290
          0.53000000          0.22952579
          0.53100000          0.23089782
          0.53200000          0.23227908
          0.53300000          0.23366963
          0.53400000          0.23506957
          0.53500000          0.23647895
          0.53600000          0.23789788
          0.53700000          0.23932642
          0.53800000          0.24076466
          0.53900000          0.24221268
          0.54000000          0.24367056
          0.54100000          0.24513839
          0.54200000          0.24661626
          0.54300000          0.24810423
          0.54400000          0.24960242
          0.54500000          0.25111089
          0.54600000          0.25262974
          0.54700000          0.25415907
          0.54800000          0.25569895
          0.54900000          0.25724948
          0.55000000          0.25881075
          0.55100000          0.26038285
          0.55200000          0.26196589
          0.55300000          0.26355995
          0.55400000          0.26516512
          0.55500000          0.26678152
          0.55600000          0.26840923
          0.55700000          0.27004835
          0.55800000          0.27169898
          0.55900000          0.27336123
          0.56000000          0.27503519
          0.56100000          0.27672098
          0.56200000          0.27841868
          0.56300000          0.28012842
          0.56400000          0.28185029
          0.56500000          0.28358441
          0.56600000          0.28533088
          0.56700000          0.28708981
          0.56800000          0.28886131
          0.56900000          0.29064550
          0.57000000          0.29244249
          0.57100000          0.29425239
          0.57200000          0.29607532
          0.57300000          0.29791140
          0.57400000          0.29976075
          0.57500000          0.30162348
          0.57600000          0.30349972
          0.57700000          0.30538959
          0.57800000          0.30729321
          0.57900000          0.30921071
          0.58000000          0.31114222
          0.58100000          0.31308786
          0.58200000          0.31504776
          0.58300000          0.31702205
          0.58400000          0.31901088
          0.58500000          0.32101436
          0.58600000          0.32303263
          0.58700000          0.32506584
          0.58800000          0.32711411
          0.58900000          0.32917760
          0.59000000          0.33125643
          0.59100000          0.33335076
          0.59200000          0.33546073
          0.59300000          0.33758648
          0.59400000          0.33972817
          0.59500000          0.34188593
          0.59600000          0.34405993
          0.59700000          0.34625031
          0.59800000          0.34845723
          0.59900000          0.35068085
          0.60000000          0.35292132
          0.60100000          0.35517881
          0.60200000          0.35745347
          0.60300000          0.35974548
          0.60400000          0.36205499
          0.60500000          0.36438217
          0.60600000          0.36672719
          0.60700000          0.36909022
          0.60800000          0.37147144
          0.60900000          0.37387103
          0.61000000          0.37628915
          0.61100000          0.37872599
          0.61200000          0.38118173
          0.61300000          0.38365655
          0.61400000          0.38615064
          0.61500000          0.38866418
          0.61600000          0.39119738
          0.61700000          0.39375041
          0.61800000          0.39632347
          0.61900000          0.39891677
          0.62000000          0.40153049
          0.62100000          0.40416484
          0.62200000          0.40682003
          0.62300000          0.40949626
          0.62400000          0.41219374
          0.62500000          0.41491268
          0.62600000          0.41765329
          0.62700000          0.42041580
          0.62800000          0.42320041
          0.62900000          0.42600736
          0.63000000          0.42883686
          0.63100000          0.43168914
          0.63200000          0.43456444
          0.63300000          0.43746298
          0.63400000          0.44038499
          0.63500000          0.44333073
          0.63600000          0.44630043
          0.63700000          0.44929432
          0.63800000          0.45231267
          0.63900000          0.45535572
          0.64000000          0.45842372
          0.64100000          0.46151692
          0.64200000          0.46463560
          0.64300000          0.46778000
          0.64400000          0.47095040
          0.64500000          0.47414706
          0.64600000          0.47737027
          0.64700000          0.48062028
          0.64800000          0.48389738
          0.64900000          0.48720186
          0.65000000          0.49053400
          0.65100000          0.49389409
          0.65200000          0.49728242
          0.65300000          0.50069929
          0.65400000          0.50414500
          0.65500000          0.50761986
          0.65600000          0.51112417
          0.65700000          0.51465825
          0.65800000          0.51822241
          0.65900000          0.52181697
          0.66000000          0.52544225
          0.66100000          0.52909859
          0.66200000          0.53278632
          0.66300000          0.53650577
          0.66400000          0.54025729
          0.66500000          0.54404121
          0.66600000          0.54785790
          0.66700000          0.55170770
          0.66800000          0.55559098
          0.66900000          0.55950809
          0.67000000          0.56345941
          0.67100000          0.56744531
          0.67200000          0.57146617
          0.67300000          0.57552236
          0.67400000          0.57961429
          0.67500000          0.58374233
          0.67600000          0.58790690
          0.67700000          0.59210838
          0.67800000          0.59634720
          0.67900000          0.60062376
          0.68000000          0.60493849
          0.68100000          0.60929180
          0.68200000          0.61368414
          0.68300000          0.61811593
          0.68400000          0.62258762
          0.68500000          0.62709966
          0.68600000          0.63165250
          0.68700000          0.63624660
          0.68800000          0.64088243
          0.68900000          0.64556045
          0.69000000          0.65028115
          0.69100000          0.65504502
          0.69200000          0.65985254
          0.69300000          0.66470422
          0.69400000          0.66960055
          0.69500000          0.67454206
          0.69600000          0.67952925
          0.69700000          0.68456266
          0.69800000          0.68964282
          0.69900000          0.69477027
          0.70000000          0.69994556
          0.70100000          0.70516923
          0.70200000          0.71044187
          0.70300000          0.71576403
          0.70400000          0.72113629
          0.70500000          0.72655924
          0.70600000          0.73203348
          0.70700000          0.73755961
          0.70800000          0.74313823
          0.70900000          0.74876998
          0.71000000          0.75445547
          0.71100000          0.76019534
          0.71200000          0.76599024
          0.71300000          0.77184083
          0.71400000          0.77774777
          0.71500000          0.78371173
          0.71600000          0.78973339
          0.71700000          0.79581345
          0.71800000          0.80195261
          0.71900000          0.80815157
          0.72000000          0.81441107
          0.72100000          0.82073184
          0.72200000          0.82711461
          0.72300000          0.83356014
          0.72400000          0.84006920
          0.72500000          0.84664256
          0.72600000          0.85328099
          0.72700000          0.85998532
          0.72800000          0.86675633
          0.72900000          0.87359485
          0.73000000          0.88050171
          0.73100000          0.88747775
          0.73200000          0.89452384
          0.73300000          0.90164083
          0.73400000          0.90882961
          0.73500000          0.91609107
          0.73600000          0.92342612
          0.73700000          0.93083568
          0.73800000          0.93832068
          0.73900000          0.94588206
          0.74000000          0.95352079
          0.74100000          0.96123784
          0.74200000          0.96903419
          0.74300000          0.97691085
          0.74400000          0.98486884
          0.74500000          0.99290918
          0.74600000          1.00103293
          0.74700000          1.00924115
          0.74800000          1.01753491
          0.74900000          1.02591531
          0.75000000          1.03438345
          0.75100000          1.04294047
          0.75200000          1.05158751
          0.75300000          1.06032572
          0.75400000          1.06915628
          0.75500000          1.07808039
          0.75600000          1.08709925
          0.75700000          1.09621411
          0.75800000          1.10542619
          0.75900000          1.11473678
          0.76000000          1.12414715
          0.76100000          1.13365861
          0.76200000          1.14327249
          0.76300000          1.15299012
          0.76400000          1.16281286
          0.76500000          1.17274211
          0.76600000          1.18277927
          0.76700000          1.19292575
          0.76800000          1.20318301
          0.76900000          1.21355252
          0.77000000          1.22403576
          0.77100000          1.23463424
          0.77200000          1.24534950
          0.77300000          1.25618309
          0.77400000          1.26713661
          0.77500000          1.27821164
          0.77600000          1.28940982
          0.77700000          1.30073280
          0.77800000          1.31218225
          0.77900000          1.32375989
          0.78000000          1.33546743
          0.78100000          1.34730663
          0.78200000          1.35927927
          0.78300000          1.37138715
          0.78400000          1.38363211
          0.78500000          1.39601600
          0.78600000          1.40854072
          0.78700000          1.42120819
          0.78800000          1.43402033
          0.78900000          1.44697914
          0.79000000          1.46008660
          0.79100000          1.47334476
          0.79200000          1.48675568
          0.79300000          1.50032144
          0.79400000          1.51404418
          0.79500000          1.52792605
          0.79600000          1.54196923
          0.79700000          1.55617595
          0.79800000          1.57054846
          0.79900000          1.58508904
          0.80000000          1.59980001
          0.80100000          1.61468373
          0.80200000          1.62974258
          0.80300000          1.64497898
          0.80400000          1.66039540
          0.80500000          1.67599432
          0.80600000          1.69177827
          0.80700000          1.70774982
          0.80800000          1.72391157
          0.80900000          1.74026617
          0.81000000          1.75681628
          0.81100000          1.77356462
          0.81200000          1.79051396
          0.81300000          1.80766707
          0.81400000          1.82502680
          0.81500000          1.84259601
          0.81600000          1.86037762
          0.81700000          1.87837458
          0.81800000          1.89658988
          0.81900000          1.91502657
          0.82000000          1.93368770
          0.82100000          1.95257642
          0.82200000          1.97169586
          0.82300000          1.99104925
          0.82400000          2.01063981
          0.82500000          2.03047085
          0.82600000          2.05054569
          0.82700000          2.07086771
          0.82800000          2.09144033
          0.82900000          2.11226701
          0.83000000          2.13335126
          0.83100000          2.15469663
          0.83200000          2.17630672
          0.83300000          2.19818517
          0.83400000          2.22033566
          0.83500000          2.24276192
          0.83600000          2.26546773
          0.83700000          2.28845691
          0.83800000          2.31173331
          0.83900000          2.33530085
          0.84000000          2.35916347
          0.84100000          2.38332518
          0.84200000          2.40779001
          0.84300000          2.43256204
          0.84400000          2.45764540
          0.84500000          2.48304425
          0.84600000          2.50876281
          0.84700000          2.53480532
          0.84800000          2.56117607
          0.84900000          2.58787941
          0.85000000          2.61491969
          0.85100000          2.64230133
          0.85200000          2.67002877
          0.85300000          2.69810650
          0.85400000          2.72653903
          0.85500000          2.75533091
          0.85600000          2.78448673
          0.85700000          2.81401111
          0.85800000          2.84390869
          0.85900000          2.87418414
          0.86000000          2.90484216
          0.86100000          2.93588747
          0.86200000          2.96732483
          0.86300000          2.99915898
          0.86400000          3.03139473
          0.86500000          3.06403686
          0.86600000          3.09709018
          0.86700000          3.13055952
          0.86800000          3.16444969
          0.86900000          3.19876553
          0.87000000          3.23351186
          0.87100000          3.26869351
          0.87200000          3.30431528
          0.87300000          3.34038199
          0.87400000          3.37689842
          0.87500000          3.41386934
          0.87600000          3.45129948
          0.87700000          3.48919356
          0.87800000          3.52755624
          0.87900000          3.56639217
          0.88000000          3.60570591
          0.88100000          3.64550201
          0.88200000          3.68578493
          0.88300000          3.72655907
          0.88400000          3.76782876
          0.88500000          3.80959824
          0.88600000          3.85187168
          0.88700000          3.89465312
          0.88800000          3.93794652
          0.88900000          3.98175571
          0.89000000          4.02608441
          0.89100000          4.07093619
          0.89200000          4.11631448
          0.89300000          4.16222255
          0.89400000          4.20866352
          0.89500000          4.25564031
          0.89600000          4.30315567
          0.89700000          4.35121213
          0.89800000          4.39981201
          0.89900000          4.44895741
          0.90000000          4.49865018
          0.90100000          4.54889191
          0.90200000          4.59968393
          0.90300000          4.65102727
          0.90400000          4.70292265
          0.90500000          4.75537051
          0.90600000          4.80837090
          0.90700000          4.86192356
          0.90800000          4.91602782
          0.90900000          4.97068267
          0.91000000          5.02588664
          0.91100000          5.08163787
          0.91200000          5.13793402
          0.91300000          5.19477231
          0.91400000          5.25214946
          0.91500000          5.31006167
          0.91600000          5.36850462
          0.91700000          5.42747344
          0.91800000          5.48696268
          0.91900000          5.54696628
          0.92000000          5.60747758
          0.92100000          5.66848925
          0.92200000          5.72999331
          0.92300000          5.79198108
          0.92400000          5.85444318
          0.92500000          5.91736946
          0.92600000          5.98074904
          0.92700000          6.04457023
          0.92800000          6.10882055
          0.92900000          6.17348666
          0.93000000          6.23855437
          0.93100000          6.30400864
          0.93200000          6.36983348
          0.93300000          6.43601201
          0.93400000          6.50252639
          0.93500000          6.56935781
          0.93600000          6.63648648
          0.93700000          6.70389160
          0.93800000          6.77155135
          0.93900000          6.83944286
          0.94000000          6.90754221
          0.94100000          6.97582441
          0.94200000          7.04426337
          0.94300000          7.11283191
          0.94400000          7.18150175
          0.94500000          7.25024349
          0.94600000          7.31902661
          0.94700000          7.38781944
          0.94800000          7.45658920
          0.94900000          7.52530199
          0.95000000          7.59392273
          0.95100000          7.66241527
          0.95200000          7.73074229
          0.95300000          7.79886537
          0.95400000          7.86674497
          0.95500000          7.93434046
          0.95600000          8.00161010
          0.95700000          8.06851109
          0.95800000          8.13499954
          0.95900000          8.20103053
          0.96000000          8.26655806
          0.96100000          8.33153511
          0.96200000          8.39591364
          0.96300000          8.45964456
          0.96400000          8.52267774
          0.96500000          8.58496203
          0.96600000          8.64644515
          0.96700000          8.70707377
          0.96800000          8.76679331
          0.96900000          8.82554797
          0.97000000          8.88328052
          0.97100000          8.93993219
          0.97200000          8.99544238
          0.97300000          9.04974837
          0.97400000          9.10278493
          0.97500000          9.15448371
          0.97600000          9.20477248
          0.97700000          9.25357418
          0.97800000          9.30080550
          0.97900000          9.34637504
          0.98000000          9.39018075
          0.98100000          9.43210643
          0.98200000          9.47201676
          0.98300000          9.50975023
          0.98400000          9.54510896
          0.98500000          9.57784359
          0.98600000          9.60763047
          0.98700000          9.63403647
          0.98800000          9.65646272
          0.98900000          9.67405208
          0.99000000          9.68553073
          0.99100000          9.68892448
          0.99200000          9.68102287
          0.99300000          9.65629999
          0.99400000          9.60456395
          0.99500000          9.50531345
          0.99600000          9.31240580
          0.99700000          8.90526496
          0.99800000          7.90119912
          0.99900000          4.89510999
          1.00000000          0.00100000
          1.00100000          5.10508999
          1.00200000          8.09312315
          1.00300000          9.07910910
          1.00400000          9.48154741
          1.00500000          9.67795914
          1.00600000          9.78553440
          1.00700000          9.84855820
          1.00800000          9.88647744
          1.00900000          9.90885061
          1.01000000          9.92080198
          1.01100000          9.92527476
          1.01200000          9.92405779
          1.01300000          9.91829154
          1.01400000          9.90873406
          1.01500000          9.89590850
          1.01600000          9.88018863
          1.01700000          9.86185051
          1.01800000          9.84110457
          1.01900000          9.81811633
          1.02000000          9.79301990
          1.02100000          9.76592718
          1.02200000          9.73693409
          1.02300000          9.70612490
          1.02400000          9.67357541
          1.02500000          9.63935505
          1.02600000          9.60352854
          1.02700000          9.56615705
          1.02800000          9.52729903
          1.02900000          9.48701083
          1.03000000          9.44534720
          1.03100000          9.40236157
          1.03200000          9.35810633
          1.03300000          9.31263301
          1.03400000          9.26599237
          1.03500000          9.21823449
          1.03600000          9.16940886
          1.03700000          9.11956437
          1.03800000          9.06874930
          1.03900000          9.01701141
          1.04000000          8.96439781
          1.04100000          8.91095504
          1.04200000          8.85672900
          1.04300000          8.80176493
          1.04400000          8.74610738
          1.04500000          8.68980018
          1.04600000          8.63288645
          1.04700000          8.57540849
          1.04800000          8.51740783
          1.04900000          8.45892516
          1.05000000          8.40000034
          1.05100000          8.34067232
          1.05200000          8.28097918
          1.05300000          8.22095809
          1.05400000          8.16064527
          1.05500000          8.10007600
          1.05600000          8.03928463
          1.05700000          7.97830451
          1.05800000          7.91716804
          1.05900000          7.85590665
          1.06000000          7.79455075
          1.06100000          7.73312982
          1.06200000          7.67167232
          1.06300000          7.61020577
          1.06400000          7.54875669
          1.06500000          7.48735064
          1.06600000          7.42601224
          1.06700000          7.36476514
          1.06800000          7.30363207
          1.06900000          7.24263483
          1.07000000          7.18179430
          1.07100000          7.12113048
          1.07200000          7.06066248
          1.07300000          7.00040853
          1.07400000          6.94038604
          1.07500000          6.88061157
          1.07600000          6.82110086
          1.07700000          6.76186887
          1.07800000          6.70292978
          1.07900000          6.64429701
          1.08000000          6.58598324
          1.08100000          6.52800044
          1.08200000          6.47035988
          1.08300000          6.41307216
          1.08400000          6.35614721
          1.08500000          6.29959432
          1.08600000          6.24342218
          1.08700000          6.18763887
          1.08800000          6.13225190
          1.08900000          6.07726821
          1.09000000          6.02269422
          1.09100000          5.96853582
          1.09200000          5.91479839
          1.09300000          5.86148684
          1.09400000          5.80860562
          1.09500000          5.75615872
          1.09600000          5.70414972
          1.09700000          5.65258177
          1.09800000          5.60145763
          1.09900000          5.55077970
          1.10000000          5.50055000
          1.10100000          5.45077021
          1.10200000          5.40144167
          1.10300000          5.35256542
          1.10400000          5.30414218
          1.10500000          5.25617241
          1.10600000          5.20865627
          1.10700000          5.16159367
          1.10800000          5.11498427
          1.10900000          5.06882749
          1.11000000          5.02312255
          1.11100000          4.97786842
          1.11200000          4.93306389
          1.11300000          4.88870757
          1.11400000          4.84479788
          1.11500000          4.80133306
          1.11600000          4.75831121
          1.11700000          4.71573026
          1.11800000          4.67358802
          1.11900000          4.63188216
          1.12000000          4.59061020
          1.12100000          4.54976959
          1.12200000          4.50935763
          1.12300000          4.46937154
          1.12400000          4.42980844
          1.12500000          4.39066537
          1.12600000          4.35193927
          1.12700000          4.31362703
          1.12800000          4.27572545
          1.12900000          4.23823128
          1.13000000          4.20114120
          1.13100000          4.16445185
          1.13200000          4.12815982
          1.13300000          4.09226164
          1.13400000          4.05675383
          1.13500000          4.02163285
          1.13600000          3.98689515
          1.13700000          3.95253713
          1.13800000          3.91855520
          1.13900000          3.88494572
          1.14000000          3.85170505
          1.14100000          3.81882953
          1.14200000          3.78631551
          1.14300000          3.75415930
          1.14400000          3.72235723
          1.14500000          3.69090563
          1.14600000          3.65980082
          1.14700000          3.62903912
          1.14800000          3.59861687
          1.14900000          3.56853040
          1.15000000          3.53877607
          1.15100000          3.50935024
          1.15200000          3.48024927
          1.15300000          3.45146956
          1.15400000          3.42300751
          1.15500000          3.39485954
          1.15600000          3.36702209
          1.15700000          3.33949162
          1.15800000          3.31226460
          1.15900000          3.28533755
          1.16000000          3.25870699
          1.16100000          3.23236946
          1.16200000          3.20632154
          1.16300000          3.18055984
          1.16400000          3.15508097
          1.16500000          3.12988159
          1.16600000          3.10495838
          1.16700000          3.08030805
          1.16800000          3.05592734
          1.16900000          3.03181301
          1.17000000          3.00796186
          1.17100000          2.98437072
          1.17200000          2.96103644
          1.17300000          2.93795591
          1.17400000          2.91512605
          1.17500000          2.89254380
          1.17600000          2.87020615
          1.17700000          2.84811011
          1.17800000          2.82625271
          1.17900000          2.80463104
          1.18000000          2.78324220
          1.18100000          2.76208332
          1.18200000          2.74115158
          1.18300000          2.72044417
          1.18400000          2.69995833
          1.18500000          2.67969132
          1.18600000          2.65964043
          1.18700000          2.63980299
          1.18800000          2.62017637
          1.18900000          2.60075793
          1.19000000          2.58154512
          1.19100000          2.56253537
          1.19200000          2.54372617
          1.19300000          2.52511503
          1.19400000          2.50669949
          1.19500000          2.48847712
          1.19600000          2.47044553
          1.19700000          2.45260235
          1.19800000          2.43494523
          1.19900000          2.41747188
          1.20000000          2.40018000
          1.20100000          2.38306735
          1.20200000          2.36613171
          1.20300000          2.34937087
          1.20400000          2.33278268
          1.20500000          2.31636499
          1.20600000          2.30011570
          1.20700000          2.28403272
          1.20800000          2.26811399
          1.20900000          2.25235748
          1.21000000          2.23676119
          1.21100000          2.22132314
          1.21200000          2.20604138
          1.21300000          2.19091398
          1.21400000          2.17593905
          1.21500000          2.16111470
          1.21600000          2.14643909
          1.21700000          2.13191039
          1.21800000          2.11752680
          1.21900000          2.10328653
          1.22000000          2.08918785
          1.22100000          2.07522901
          1.22200000          2.06140830
          1.22300000          2.04772404
          1.22400000          2.03417458
          1.22500000          2.02075826
          1.22600000          2.00747346
          1.22700000          1.99431861
          1.22800000          1.98129210
          1.22900000          1.96839240
          1.23000000          1.95561797
          1.23100000          1.94296730
          1.23200000          1.93043889
          1.23300000          1.91803127
          1.23400000          1.90574300
          1.23500000          1.89357262
          1.23600000          1.88151874
          1.23700000          1.86957996
          1.23800000          1.85775490
          1.23900000          1.84604221
          1.24000000          1.83444054
          1.24100000          1.82294858
          1.24200000          1.81156502
          1.24300000          1.80028857
          1.24400000          1.78911797
          1.24500000          1.77805197
          1.24600000          1.76708933
          1.24700000          1.75622883
          1.24800000          1.74546928
          1.24900000          1.73480948
          1.25000000          1.72424828
          1.25100000          1.71378450
          1.25200000          1.70341703
          1.25300000          1.69314472
          1.25400000          1.68296648
          1.25500000          1.67288122
          1.25600000          1.66288784
          1.25700000          1.65298530
          1.25800000          1.64317254
          1.25900000          1.63344852
          1.26000000          1.62381222
          1.26100000          1.61426264
          1.26200000          1.60479878
          1.26300000          1.59541966
          1.26400000          1.58612430
          1.26500000          1.57691176
          1.26600000          1.56778109
          1.26700000          1.55873136
          1.26800000          1.54976165
          1.26900000          1.54087106
          1.27000000          1.53205869
          1.27100000          1.52332366
          1.27200000          1.51466510
          1.27300000          1.50608215
          1.27400000          1.49757396
          1.27500000          1.48913970
          1.27600000          1.48077854
          1.27700000          1.47248966
          1.27800000          1.46427227
          1.27900000          1.45612556
          1.28000000          1.44804876
          1.28100000          1.44004109
          1.28200000          1.43210178
          1.28300000          1.42423010
          1.28400000          1.41642528
          1.28500000          1.40868661
          1.28600000          1.40101334
          1.28700000          1.39340478
          1.28800000          1.38586021
          1.28900000          1.37837894
          1.29000000          1.37096028
          1.29100000          1.36360356
          1.29200000          1.35630809
          1.29300000          1.34907323
          1.29400000          1.34189831
          1.29500000          1.33478270
          1.29600000          1.32772576
          1.29700000          1.32072685
          1.29800000          1.31378537
          1.29900000          1.30690070
          1.30000000          1.30007222
          1.30100000          1.29329936
          1.30200000          1.28658151
          1.30300000          1.27991810
          1.30400000          1.27330855
          1.30500000          1.26675229
          1.30600000          1.26024877
          1.30700000          1.25379743
          1.30800000          1.24739772
          1.30900000          1.24104911
          1.31000000          1.23475107
          1.31100000          1.22850306
          1.31200000          1.22230458
          1.31300000          1.21615510
          1.31400000          1.21005412
          1.31500000          1.20400114
          1.31600000          1.19799566
          1.31700000          1.19203720
          1.31800000          1.18612528
          1.31900000          1.18025942
          1.32000000          1.17443915
          1.32100000          1.16866401
          1.32200000          1.16293354
          1.32300000          1.15724728
          1.32400000          1.15160478
          1.32500000          1.14600562
          1.32600000          1.14044934
          1.32700000          1.13493552
          1.32800000          1.12946373
          1.32900000          1.12403355
          1.33000000          1.11864457
          1.33100000          1.11329637
          1.33200000          1.10798855
          1.33300000          1.10272071
          1.33400000          1.09749245
          1.33500000          1.09230338
          1.33600000          1.08715311
          1.33700000          1.08204127
          1.33800000          1.07696747
          1.33900000          1.07193134
          1.34000000          1.06693251
          1.34100000          1.06197062
          1.34200000          1.05704531
          1.34300000          1.05215622
          1.34400000          1.04730300
          1.34500000          1.04248531
          1.34600000          1.03770280
          1.34700000          1.03295513
          1.34800000          1.02824196
          1.34900000          1.02356297
          1.35000000          1.01891783
          1.35100000          1.01430621
          1.35200000          1.00972780
          1.35300000          1.00518227
          1.35400000          1.00066932
          1.35500000          0.99618863
          1.35600000          0.99173991
          1.35700000          0.98732284
          1.35800000          0.98293714
          1.35900000          0.97858250
          1.36000000          0.97425864
          1.36100000          0.96996526
          1.36200000          0.96570209
          1.36300000          0.96146884
          1.36400000          0.95726522
          1.36500000          0.95309098
          1.36600000          0.94894582
          1.36700000          0.94482949
          1.36800000          0.94074173
          1.36900000          0.93668225
          1.37000000          0.93265082
          1.37100000          0.92864716
          1.37200000          0.92467102
          1.37300000          0.92072216
          1.37400000          0.91680032
          1.37500000          0.91290527
          1.37600000          0.90903674
          1.37700000          0.90519451
          1.37800000          0.90137834
          1.37900000          0.89758799
          1.38000000          0.89382324
          1.38100000          0.89008384
          1.38200000          0.88636957
          1.38300000          0.88268021
          1.38400000          0.87901553
          1.38500000          0.87537532
          1.38600000          0.87175936
          1.38700000          0.86816743
          1.38800000          0.86459932
          1.38900000          0.86105481
          1.39000000          0.85753371
          1.39100000          0.85403580
          1.39200000          0.85056088
          1.39300000          0.84710875
          1.39400000          0.84367921
          1.39500000          0.84027206
          1.39600000          0.83688711
          1.39700000          0.83352416
          1.39800000          0.83018303
          1.39900000          0.82686352
          1.40000000          0.82356544
          1.40100000          0.82028862
          1.40200000          0.81703286
          1.40300000          0.81379800
          1.40400000          0.81058384
          1.40500000          0.80739021
          1.40600000          0.80421694
          1.40700000          0.80106385
          1.40800000          0.79793077
          1.40900000          0.79481754
          1.41000000          0.79172397
          1.41100000          0.78864991
          1.41200000          0.78559519
          1.41300000          0.78255965
          1.41400000          0.77954313
          1.41500000          0.77654547
          1.41600000          0.77356650
          1.41700000          0.77060608
          1.41800000          0.76766405
          1.41900000          0.76474025
          1.42000000          0.76183453
          1.42100000          0.75894675
          1.42200000          0.75607676
          1.42300000          0.75322440
          1.42400000          0.75038954
          1.42500000          0.74757202
          1.42600000          0.74477172
          1.42700000          0.74198847
          1.42800000          0.73922216
          1.42900000          0.73647263
          1.43000000          0.73373975
          1.43100000          0.73102339
          1.43200000          0.72832341
          1.43300000          0.72563968
          1.43400000          0.72297207
          1.43500000          0.72032044
          1.43600000          0.71768467
          1.43700000          0.71506463
          1.43800000          0.71246020
          1.43900000          0.70987125
          1.44000000          0.70729765
          1.44100000          0.70473929
          1.44200000          0.70219604
          1.44300000          0.69966778
          1.44400000          0.69715439
          1.44500000          0.69465576
          1.44600000          0.69217177
          1.44700000          0.68970230
          1.44800000          0.68724724
          1.44900000          0.68480648
          1.45000000          0.68237990
          1.45100000          0.67996739
          1.45200000          0.67756885
          1.45300000          0.67518416
          1.45400000          0.67281321
          1.45500000          0.67045591
          1.45600000          0.66811213
          1.45700000          0.66578179
          1.45800000          0.66346477
          1.45900000          0.66116097
          1.46000000          0.65887030
          1.46100000          0.65659264
          1.46200000          0.65432790
          1.46300000          0.65207599
          1.46400000          0.64983679
          1.46500000          0.64761023
          1.46600000          0.64539619
          1.46700000          0.64319459
          1.46800000          0.64100532
          1.46900000          0.63882831
          1.47000000          0.63666345
          1.47100000          0.63451065
          1.47200000          0.63236982
          1.47300000          0.63024088
          1.47400000          0.62812373
          1.47500000          0.62601828
          1.47600000          0.62392445
          1.47700000          0.62184215
          1.47800000          0.61977129
          1.47900000          0.61771180
          1.48000000          0.61566358
          1.48100000          0.61362655
          1.48200000          0.61160063
          1.48300000          0.60958574
          1.48400000          0.60758179
          1.48500000          0.60558871
          1.48600000          0.60360642
          1.48700000          0.60163483
          1.48800000          0.59967387
          1.48900000          0.59772346
          1.49000000          0.59578353
          1.49100000          0.59385399
          1.49200000          0.59193478
          1.49300000          0.59002582
          1.49400000          0.58812702
          1.49500000          0.58623833
          1.49600000          0.58435967
          1.49700000          0.58249096
          1.49800000          0.58063213
          1.49900000          0.57878312
          1.50000000          0.57694385
          1.50100000          0.57511425
          1.50200000          0.57329426
          1.50300000          0.57148380
          1.50400000          0.56968281
          1.50500000          0.56789122
          1.50600000          0.56610896
          1.50700000          0.56433598
          1.50800000          0.56257219
          1.50900000          0.56081755
          1.51000000          0.55907198
          1.51100000          0.55733542
          1.51200000          0.55560780
          1.51300000          0.55388907
          1.51400000          0.55217916
          1.51500000          0.55047802
          1.51600000          0.54878557
          1.51700000          0.54710176
          1.51800000          0.54542654
          1.51900000          0.54375983
          1.52000000          0.54210158
          1.52100000          0.54045174
          1.52200000          0.53881024
          1.52300000          0.53717703
          1.52400000          0.53555206
          1.52500000          0.53393525
          1.52600000          0.53232657
          1.52700000          0.53072594
          1.52800000          0.52913333
          1.52900000          0.52754867
          1.53000000          0.52597191
          1.53100000          0.52440300
          1.53200000          0.52284188
          1.53300000          0.52128850
          1.53400000          0.51974281
          1.53500000          0.51820475
          1.53600000          0.51667428
          1.53700000          0.51515134
          1.53800000          0.51363589
          1.53900000          0.51212787
          1.54000000          0.51062724
          1.54100000          0.50913394
          1.54200000          0.50764793
          1.54300000          0.50616915
          1.54400000          0.50469757
          1.54500000          0.50323312
          1.54600000          0.50177577
          1.54700000          0.50032547
          1.54800000          0.49888217
          1.54900000          0.49744583
          1.55000000          0.49601640
          1.55100000          0.49459383
          1.55200000          0.49317808
          1.55300000          0.49176910
          1.55400000          0.49036686
          1.55500000          0.48897130
          1.55600000          0.48758239
          1.55700000          0.48620008
          1.55800000          0.48482432
          1.55900000          0.48345508
          1.56000000          0.48209232
          1.56100000          0.48073598
          1.56200000          0.47938604
          1.56300000          0.47804244
          1.56400000          0.47670515
          1.56500000          0.47537414
          1.56600000          0.47404934
          1.56700000          0.47273074
          1.56800000          0.47141828
          1.56900000          0.47011194
          1.57000000          0.46881166
          1.57100000          0.46751742
          1.57200000          0.46622917
          1.57300000          0.46494688
          1.57400000          0.46367050
          1.57500000          0.46240001
          1.57600000          0.46113536
          1.57700000          0.45987651
          1.57800000          0.45862344
          1.57900000          0.45737610
          1.58000000          0.45613446
          1.58100000          0.45489849
          1.58200000          0.45366814
          1.58300000          0.45244339
          1.58400000          0.45122419
          1.58500000          0.45001052
          1.58600000          0.44880234
          1.58700000          0.44759961
          1.58800000          0.44640231
          1.58900000          0.44521039
          1.59000000          0.44402383
          1.59100000          0.44284259
          1.59200000          0.44166664
          1.59300000          0.44049595
          1.59400000          0.43933048
          1.59500000          0.43817021
          1.59600000          0.43701510
          1.59700000          0.43586512
          1.59800000          0.43472024
          1.59900000          0.43358042
          1.60000000          0.43244565
          1.60100000          0.43131588
          1.60200000          0.43019108
          1.60300000          0.42907124
          1.60400000          0.42795631
          1.60500000          0.42684627
          1.60600000          0.42574108
          1.60700000          0.42464073
          1.60800000          0.42354517
          1.60900000          0.42245439
          1.61000000          0.42136835
          1.61100000          0.42028702
          1.61200000          0.41921038
          1.61300000          0.41813840
          1.61400000          0.41707105
          1.61500000          0.41600831
          1.61600000          0.41495014
          1.61700000          0.41389652
          1.61800000          0.41284742
          1.61900000          0.41180282
          1.62000000          0.41076269
          1.62100000          0.40972700
          1.62200000          0.40869573
          1.62300000          0.40766885
          1.62400000          0.40664634
          1.62500000          0.40562817
          1.62600000          0.40461431
          1.62700000          0.40360474
          1.62800000          0.40259944
          1.62900000          0.40159838
          1.63000000          0.40060153
          1.63100000          0.39960888
          1.63200000          0.39862039
          1.63300000          0.39763605
          1.63400000          0.39665583
          1.63500000          0.39567970
          1.63600000          0.39470765
          1.63700000          0.39373964
          1.63800000          0.39277566
          1.63900000          0.39181568
          1.64000000          0.39085969
          1.64100000          0.38990765
          1.64200000          0.38895954
          1.64300000          0.38801535
          1.64400000          0.38707505
          1.64500000          0.38613862
          1.64600000          0.38520603
          1.64700000          0.38427727
          1.64800000          0.38335232
          1.64900000          0.38243114
          1.65000000          0.38151373
          1.65100000          0.38060005
          1.65200000          0.37969009
          1.65300000          0.37878384
          1.65400000          0.37788126
          1.65500000          0.37698233
          1.65600000          0.37608704
          1.65700000          0.37519537
          1.65800000          0.37430729
          1.65900000          0.37342280
          1.66000000          0.37254185
          1.66100000          0.37166445
          1.66200000          0.37079056
          1.66300000          0.36992016
          1.66400000          0.36905325
          1.66500000          0.36818980
          1.66600000          0.36732978
          1.66700000          0.36647319
          1.66800000          0.36562000
          1.66900000          0.36477020
          1.67000000          0.36392376
          1.67100000          0.36308067
          1.67200000          0.36224091
          1.67300000          0.36140445
          1.67400000          0.36057130
          1.67500000          0.35974141
          1.67600000          0.35891479
          1.67700000          0.35809140
          1.67800000          0.35727124
          1.67900000          0.35645428
          1.68000000          0.35564051
          1.68100000          0.35482991
          1.68200000          0.35402247
          1.68300000          0.35321816
          1.68400000          0.35241697
          1.68500000          0.35161889
          1.68600000          0.35082389
          1.68700000          0.35003196
          1.68800000          0.34924309
          1.68900000          0.34845725
          1.69000000          0.34767444
          1.69100000          0.34689463
          1.69200000          0.34611781
          1.69300000          0.34534397
          1.69400000          0.34457308
          1.69500000          0.34380514
          1.69600000          0.34304012
          1.69700000          0.34227801
          1.69800000          0.34151881
          1.69900000          0.34076248
          1.70000000          0.34000902
          1.70100000          0.33925841
          1.70200000          0.33851064
          1.70300000          0.33776569
          1.70400000          0.33702355
          1.70500000          0.33628419
          1.70600000          0.33554762
          1.70700000          0.33481381
          1.70800000          0.33408275
          1.70900000          0.33335443
          1.71000000          0.33262882
          1.71100000          0.33190593
          1.71200000          0.33118572
          1.71300000          0.33046820
          1.71400000          0.32975334
          1.71500000          0.32904113
          1.71600000          0.32833156
          1.71700000          0.32762461
          1.71800000          0.32692028
          1.71900000          0.32621854
          1.72000000          0.32551939
          1.72100000          0.32482281
          1.72200000          0.32412879
          1.72300000          0.32343731
          1.72400000          0.32274837
          1.72500000          0.32206195
          1.72600000          0.32137803
          1.72700000          0.32069661
          1.72800000          0.32001767
          1.72900000          0.31934120
          1.73000000          0.31866719
          1.73100000          0.31799562
          1.73200000          0.31732648
          1.73300000          0.31665976
          1.73400000          0.31599546
          1.73500000          0.31533355
          1.73600000          0.31467402
          1.73700000          0.31401686
          1.73800000          0.31336207
          1.73900000          0.31270962
          1.74000000          0.31205951
          1.74100000          0.31141173
          1.74200000          0.31076626
          1.74300000          0.31012310
          1.74400000          0.30948222
          1.74500000          0.30884363
          1.74600000          0.30820730
          1.74700000          0.30757323
          1.74800000          0.30694141
          1.74900000          0.30631183
          1.75000000          0.30568446
          1.75100000          0.30505932
          1.75200000          0.30443637
          1.75300000          0.30381562
          1.75400000          0.30319705
          1.75500000          0.30258065
          1.75600000          0.30196641
          1.75700000          0.30135432
          1.75800000          0.30074437
          1.75900000          0.30013655
          1.76000000          0.29953085
          1.76100000          0.29892726
          1.76200000          0.29832576
          1.76300000          0.29772636
          1.76400000          0.29712903
          1.76500000          0.29653377
          1.76600000          0.29594057
          1.76700000          0.29534942
          1.76800000          0.29476030
          1.76900000          0.29417322
          1.77000000          0.29358816
          1.77100000          0.29300510
          1.77200000          0.29242405
          1.77300000          0.29184498
          1.77400000          0.29126790
          1.77500000          0.29069279
          1.77600000          0.29011964
          1.77700000          0.28954845
          1.77800000          0.28897920
          1.77900000          0.28841188
          1.78000000          0.28784649
          1.78100000          0.28728302
          1.78200000          0.28672146
          1.78300000          0.28616179
          1.78400000          0.28560401
          1.78500000          0.28504812
          1.78600000          0.28449410
          1.78700000          0.28394194
          1.78800000          0.28339163
          1.78900000          0.28284317
          1.79000000          0.28229655
          1.79100000          0.28175176
          1.79200000          0.28120879
          1.79300000          0.28066763
          1.79400000          0.28012828
          1.79500000          0.27959072
          1.79600000          0.27905495
          1.79700000          0.27852095
          1.79800000          0.27798873
          1.79900000          0.27745827
          1.80000000          0.27692957
          1.80100000          0.27640261
          1.80200000          0.27587739
          1.80300000          0.27535390
          1.80400000          0.27483213
          1.80500000          0.27431208
          1.80600000          0.27379373
          1.80700000          0.27327709
          1.80800000          0.27276213
          1.80900000          0.27224886
          1.81000000          0.27173727
          1.81100000          0.27122734
          1.81200000          0.27071907
          1.81300000          0.27021246
          1.81400000          0.26970750
          1.81500000          0.26920417
          1.81600000          0.26870247
          1.81700000          0.26820240
          1.81800000          0.26770394
          1.81900000          0.26720710
          1.82000000          0.26671185
          1.82100000          0.26621820
          1.82200000          0.26572614
          1.82300000          0.26523566
          1.82400000          0.26474675
          1.82500000          0.26425941
          1.82600000          0.26377363
          1.82700000          0.26328940
          1.82800000          0.26280672
          1.82900000          0.26232558
          1.83000000          0.26184596
          1.83100000          0.26136788
          1.83200000          0.26089131
          1.83300000          0.26041625
          1.83400000          0.25994270
          1.83500000          0.25947065
          1.83600000          0.25900009
          1.83700000          0.25853102
          1.83800000          0.25806342
          1.83900000          0.25759730
          1.84000000          0.25713264
          1.84100000          0.25666945
          1.84200000          0.25620770
          1.84300000          0.25574741
          1.84400000          0.25528855
          1.84500000          0.25483113
          1.84600000          0.25437514
          1.84700000          0.25392056
          1.84800000          0.25346741
          1.84900000          0.25301566
          1.85000000          0.25256532
          1.85100000          0.25211637
          1.85200000          0.25166882
          1.85300000          0.25122265
          1.85400000          0.25077786
          1.85500000          0.25033445
          1.85600000          0.24989240
          1.85700000          0.24945172
          1.85800000          0.24901239
          1.85900000          0.24857441
          1.86000000          0.24813777
          1.86100000          0.24770248
          1.86200000          0.24726851
          1.86300000          0.24683588
          1.86400000          0.24640456
          1.86500000          0.24597456
          1.86600000          0.24554587
          1.86700000          0.24511849
          1.86800000          0.24469241
          1.86900000          0.24426762
          1.87000000          0.24384412
          1.87100000          0.24342190
          1.87200000          0.24300095
          1.87300000          0.24258129
          1.87400000          0.24216288
          1.87500000          0.24174574
          1.87600000          0.24132986
          1.87700000          0.24091522
          1.87800000          0.24050183
          1.87900000          0.24008969
          1.88000000          0.23967877
          1.88100000          0.23926909
          1.88200000          0.23886063
          1.88300000          0.23845340
          1.88400000          0.23804737
          1.88500000          0.23764256
          1.88600000          0.23723895
          1.88700000          0.23683654
          1.88800000          0.23643533
          1.88900000          0.23603530
          1.89000000          0.23563647
          1.89100000          0.23523881
          1.89200000          0.23484232
          1.89300000          0.23444701
          1.89400000          0.23405286
          1.89500000          0.23365987
          1.89600000          0.23326804
          1.89700000          0.23287736
          1.89800000          0.23248783
          1.89900000          0.23209943
          1.90000000          0.23171218
          1.90100000          0.23132606
          1.90200000          0.23094106
          1.90300000          0.23055719
          1.90400000          0.23017444
          1.90500000          0.22979280
          1.90600000          0.22941227
          1.90700000          0.22903285
          1.90800000          0.22865453
          1.90900000          0.22827730
          1.91000000          0.22790117
          1.91100000          0.22752612
          1.91200000          0.22715215
          1.91300000          0.22677927
          1.91400000          0.22640746
          1.91500000          0.22603672
          1.91600000          0.22566704
          1.91700000          0.22529843
          1.91800000          0.22493087
          1.91900000          0.22456437
          1.92000000          0.22419891
          1.92100000          0.22383450
          1.92200000          0.22347113
          1.92300000          0.22310880
          1.92400000          0.22274749
          1.92500000          0.22238722
          1.92600000          0.22202797
          1.92700000          0.22166974
          1.92800000          0.22131253
          1.92900000          0.22095632
          1.93000000          0.22060113
          1.93100000          0.22024694
          1.93200000          0.21989375
          1.93300000          0.21954155
          1.93400000          0.21919035
          1.93500000          0.21884013
          1.93600000          0.21849090
          1.93700000          0.21814265
          1.93800000          0.21779538
          1.93900000          0.21744908
          1.94000000          0.21710375
          1.94100000          0.21675938
          1.94200000          0.21641597
          1.94300000          0.21607353
          1.94400000          0.21573203
          1.94500000          0.21539149
          1.94600000          0.21505189
          1.94700000          0.21471324
          1.94800000          0.21437552
          1.94900000          0.21403874
          1.95000000          0.21370289
          1.95100000          0.21336797
          1.95200000          0.21303398
          1.95300000          0.21270090
          1.95400000          0.21236875
          1.95500000          0.21203750
          1.95600000          0.21170717
          1.95700000          0.21137775
          1.95800000          0.21104923
          1.95900000          0.21072161
          1.96000000          0.21039488
          1.96100000          0.21006905
          1.96200000          0.20974411
          1.96300000          0.20942005
          1.96400000          0.20909688
          1.96500000          0.20877459
          1.96600000          0.20845317
          1.96700000          0.20813263
          1.96800000          0.20781296
          1.96900000          0.20749415
          1.97000000          0.20717620
          1.97100000          0.20685912
          1.97200000          0.20654289
          1.97300000          0.20622752
          1.97400000          0.20591299
          1.97500000          0.20559932
          1.97600000          0.20528648
          1.97700000          0.20497449
          1.97800000          0.20466333
          1.97900000          0.20435301
          1.98000000          0.20404352
          1.98100000          0.20373486
          1.98200000          0.20342702
          1.98300000          0.20312001
          1.98400000          0.20281381
          1.98500000          0.20250843
          1.98600000          0.20220386
          1.98700000          0.20190010
          1.98800000          0.20159715
          1.98900000          0.20129500
          1.99000000          0.20099365
          1.99100000          0.20069310
          1.99200000          0.20039335
          1.99300000          0.20009438
          1.99400000          0.19979621
          1.99500000          0.19949882
          1.99600000          0.19920222
          1.99700000          0.19890639
          1.99800000          0.19861134
          1.99900000          0.19831707
