          0.00000000          0.00000000
          0.00100000          0.00017567
          0.00200000          0.00035249
          0.00300000          0.00053048
          0.00400000          0.00070965
          0.00500000          0.00089000
          0.00600000          0.00107155
          0.00700000          0.00125430
          0.00800000          0.00143826
          0.00900000          0.00162345
          0.01000000          0.00180988
          0.01100000          0.00199755
          0.01200000          0.00218647
          0.01300000          0.00237666
          0.01400000          0.00256812
          0.01500000          0.00276087
          0.01600000          0.00295492
          0.01700000          0.00315027
          0.01800000          0.00334693
          0.01900000          0.00354493
          0.02000000          0.00374426
          0.02100000          0.00394495
          0.02200000          0.00414699
          0.02300000          0.00435041
          0.02400000          0.00455521
          0.02500000          0.00476141
          0.02600000          0.00496901
          0.02700000          0.00517803
          0.02800000          0.00538849
          0.02900000          0.00560038
          0.03000000          0.00581373
          0.03100000          0.00602855
          0.03200000          0.00624485
          0.03300000          0.00646264
          0.03400000          0.00668193
          0.03500000          0.00690274
          0.03600000          0.00712508
          0.03700000          0.00734897
          0.03800000          0.00757441
          0.03900000          0.00780142
          0.04000000          0.00803001
          0.04100000          0.00826020
          0.04200000          0.00849200
          0.04300000          0.00872543
          0.04400000          0.00896049
          0.04500000          0.00919721
          0.04600000          0.00943560
          0.04700000          0.00967566
          0.04800000          0.00991742
          0.04900000          0.01016090
          0.05000000          0.01040609
          0.05100000          0.01065303
          0.05200000          0.01090173
          0.05300000          0.01115220
          0.05400000          0.01140446
          0.05500000          0.01165852
          0.05600000          0.01191439
          0.05700000          0.01217211
          0.05800000          0.01243167
          0.05900000          0.01269311
          0.06000000          0.01295643
          0.06100000          0.01322165
          0.06200000          0.01348879
          0.06300000          0.01375787
          0.06400000          0.01402890
          0.06500000          0.01430190
          0.06600000          0.01457689
          0.06700000          0.01485388
          0.06800000          0.01513291
          0.06900000          0.01541397
          0.07000000          0.01569710
          0.07100000          0.01598231
          0.07200000          0.01626963
          0.07300000          0.01655906
          0.07400000          0.01685063
          0.07500000          0.01714436
          0.07600000          0.01744026
          0.07700000          0.01773837
          0.07800000          0.01803870
          0.07900000          0.01834126
          0.08000000          0.01864609
          0.08100000          0.01895320
          0.08200000          0.01926262
          0.08300000          0.01957435
          0.08400000          0.01988844
          0.08500000          0.02020490
          0.08600000          0.02052374
          0.08700000          0.02084500
          0.08800000          0.02116870
          0.08900000          0.02149486
          0.09000000          0.02182350
          0.09100000          0.02215465
          0.09200000          0.02248833
          0.09300000          0.02282457
          0.09400000          0.02316339
          0.09500000          0.02350481
          0.09600000          0.02384887
          0.09700000          0.02419557
          0.09800000          0.02454497
          0.09900000          0.02489707
          0.10000000          0.02525190
          0.10100000          0.02560949
          0.10200000          0.02596988
          0.10300000          0.02633308
          0.10400000          0.02669912
          0.10500000          0.02706803
          0.10600000          0.02743984
          0.10700000          0.02781458
          0.10800000          0.02819228
          0.10900000          0.02857297
          0.11000000          0.02895667
          0.11100000          0.02934342
          0.11200000          0.02973325
          0.11300000          0.03012618
          0.11400000          0.03052226
          0.11500000          0.03092151
          0.11600000          0.03132396
          0.11700000          0.03172964
          0.11800000          0.03213860
          0.11900000          0.03255086
          0.12000000          0.03296645
          0.12100000          0.03338542
          0.12200000          0.03380779
          0.12300000          0.03423360
          0.12400000          0.03466289
          0.12500000          0.03509569
          0.12600000          0.03553203
          0.12700000          0.03597196
          0.12800000          0.03641552
          0.12900000          0.03686273
          0.13000000          0.03731364
          0.13100000          0.03776829
          0.13200000          0.03822672
          0.13300000          0.03868897
          0.13400000          0.03915507
          0.13500000          0.03962507
          0.13600000          0.04009901
          0.13700000          0.04057693
          0.13800000          0.04105887
          0.13900000          0.04154488
          0.14000000          0.04203501
          0.14100000          0.04252929
          0.14200000          0.04302776
          0.14300000          0.04353049
          0.14400000          0.04403750
          0.14500000          0.04454886
          0.14600000          0.04506460
          0.14700000          0.04558477
          0.14800000          0.04610943
          0.14900000          0.04663862
          0.15000000          0.04717239
          0.15100000          0.04771079
          0.15200000          0.04825388
          0.15300000          0.04880170
          0.15400000          0.04935431
          0.15500000          0.04991176
          0.15600000          0.05047411
          0.15700000          0.05104141
          0.15800000          0.05161372
          0.15900000          0.05219109
          0.16000000          0.05277358
          0.16100000          0.05336125
          0.16200000          0.05395416
          0.16300000          0.05455236
          0.16400000          0.05515593
          0.16500000          0.05576491
          0.16600000          0.05637938
          0.16700000          0.05699939
          0.16800000          0.05762501
          0.16900000          0.05825631
          0.17000000          0.05889335
          0.17100000          0.05953619
          0.17200000          0.06018491
          0.17300000          0.06083958
          0.17400000          0.06150026
          0.17500000          0.06216703
          0.17600000          0.06283995
          0.17700000          0.06351910
          0.17800000          0.06420456
          0.17900000          0.06489640
          0.18000000          0.06559469
          0.18100000          0.06629952
          0.18200000          0.06701096
          0.18300000          0.06772909
          0.18400000          0.06845400
          0.18500000          0.06918576
          0.18600000          0.06992445
          0.18700000          0.07067018
          0.18800000          0.07142301
          0.18900000          0.07218303
          0.19000000          0.07295035
          0.19100000          0.07372503
          0.19200000          0.07450719
          0.19300000          0.07529690
          0.19400000          0.07609426
          0.19500000          0.07689938
          0.19600000          0.07771234
          0.19700000          0.07853324
          0.19800000          0.07936219
          0.19900000          0.08019929
          0.20000000          0.08104463
          0.20100000          0.08189833
          0.20200000          0.08276049
          0.20300000          0.08363121
          0.20400000          0.08451062
          0.20500000          0.08539882
          0.20600000          0.08629592
          0.20700000          0.08720204
          0.20800000          0.08811730
          0.20900000          0.08904181
          0.21000000          0.08997570
          0.21100000          0.09091909
          0.21200000          0.09187211
          0.21300000          0.09283487
          0.21400000          0.09380752
          0.21500000          0.09479017
          0.21600000          0.09578297
          0.21700000          0.09678605
          0.21800000          0.09779955
          0.21900000          0.09882361
          0.22000000          0.09985836
          0.22100000          0.10090396
          0.22200000          0.10196055
          0.22300000          0.10302829
          0.22400000          0.10410731
          0.22500000          0.10519779
          0.22600000          0.10629987
          0.22700000          0.10741371
          0.22800000          0.10853948
          0.22900000          0.10967735
          0.23000000          0.11082747
          0.23100000          0.11199003
          0.23200000          0.11316520
          0.23300000          0.11435315
          0.23400000          0.11555407
          0.23500000          0.11676813
          0.23600000          0.11799553
          0.23700000          0.11923645
          0.23800000          0.12049109
          0.23900000          0.12175964
          0.24000000          0.12304231
          0.24100000          0.12433929
          0.24200000          0.12565080
          0.24300000          0.12697704
          0.24400000          0.12831824
          0.24500000          0.12967460
          0.24600000          0.13104636
          0.24700000          0.13243373
          0.24800000          0.13383696
          0.24900000          0.13525627
          0.25000000          0.13669190
          0.25100000          0.13814410
          0.25200000          0.13961312
          0.25300000          0.14109920
          0.25400000          0.14260261
          0.25500000          0.14412360
          0.25600000          0.14566245
          0.25700000          0.14721943
          0.25800000          0.14879481
          0.25900000          0.15038888
          0.26000000          0.15200192
          0.26100000          0.15363423
          0.26200000          0.15528611
          0.26300000          0.15695786
          0.26400000          0.15864979
          0.26500000          0.16036222
          0.26600000          0.16209547
          0.26700000          0.16384986
          0.26800000          0.16562575
          0.26900000          0.16742345
          0.27000000          0.16924334
          0.27100000          0.17108575
          0.27200000          0.17295105
          0.27300000          0.17483962
          0.27400000          0.17675182
          0.27500000          0.17868805
          0.27600000          0.18064869
          0.27700000          0.18263415
          0.27800000          0.18464482
          0.27900000          0.18668114
          0.28000000          0.18874352
          0.28100000          0.19083240
          0.28200000          0.19294821
          0.28300000          0.19509141
          0.28400000          0.19726247
          0.28500000          0.19946184
          0.28600000          0.20169001
          0.28700000          0.20394748
          0.28800000          0.20623473
          0.28900000          0.20855228
          0.29000000          0.21090065
          0.29100000          0.21328038
          0.29200000          0.21569200
          0.29300000          0.21813607
          0.29400000          0.22061316
          0.29500000          0.22312385
          0.29600000          0.22566873
          0.29700000          0.22824839
          0.29800000          0.23086347
          0.29900000          0.23351459
          0.30000000          0.23620239
          0.30100000          0.23892754
          0.30200000          0.24169070
          0.30300000          0.24449256
          0.30400000          0.24733384
          0.30500000          0.25021523
          0.30600000          0.25313749
          0.30700000          0.25610136
          0.30800000          0.25910761
          0.30900000          0.26215702
          0.31000000          0.26525040
          0.31100000          0.26838856
          0.31200000          0.27157236
          0.31300000          0.27480264
          0.31400000          0.27808029
          0.31500000          0.28140621
          0.31600000          0.28478131
          0.31700000          0.28820654
          0.31800000          0.29168286
          0.31900000          0.29521126
          0.32000000          0.29879274
          0.32100000          0.30242834
          0.32200000          0.30611911
          0.32300000          0.30986615
          0.32400000          0.31367054
          0.32500000          0.31753344
          0.32600000          0.32145600
          0.32700000          0.32543942
          0.32800000          0.32948490
          0.32900000          0.33359370
          0.33000000          0.33776710
          0.33100000          0.34200641
          0.33200000          0.34631297
          0.33300000          0.35068815
          0.33400000          0.35513336
          0.33500000          0.35965006
          0.33600000          0.36423971
          0.33700000          0.36890383
          0.33800000          0.37364399
          0.33900000          0.37846177
          0.34000000          0.38335880
          0.34100000          0.38833678
          0.34200000          0.39339740
          0.34300000          0.39854244
          0.34400000          0.40377371
          0.34500000          0.40909305
          0.34600000          0.41450237
          0.34700000          0.42000362
          0.34800000          0.42559881
          0.34900000          0.43128998
          0.35000000          0.43707925
          0.35100000          0.44296877
          0.35200000          0.44896077
          0.35300000          0.45505753
          0.35400000          0.46126139
          0.35500000          0.46757474
          0.35600000          0.47400006
          0.35700000          0.48053988
          0.35800000          0.48719679
          0.35900000          0.49397346
          0.36000000          0.50087264
          0.36100000          0.50789714
          0.36200000          0.51504986
          0.36300000          0.52233377
          0.36400000          0.52975191
          0.36500000          0.53730743
          0.36600000          0.54500355
          0.36700000          0.55284359
          0.36800000          0.56083093
          0.36900000          0.56896909
          0.37000000          0.57726165
          0.37100000          0.58571231
          0.37200000          0.59432487
          0.37300000          0.60310323
          0.37400000          0.61205140
          0.37500000          0.62117352
          0.37600000          0.63047382
          0.37700000          0.63995666
          0.37800000          0.64962653
          0.37900000          0.65948805
          0.38000000          0.66954595
          0.38100000          0.67980511
          0.38200000          0.69027054
          0.38300000          0.70094742
          0.38400000          0.71184102
          0.38500000          0.72295683
          0.38600000          0.73430044
          0.38700000          0.74587762
          0.38800000          0.75769432
          0.38900000          0.76975663
          0.39000000          0.78207084
          0.39100000          0.79464340
          0.39200000          0.80748095
          0.39300000          0.82059033
          0.39400000          0.83397854
          0.39500000          0.84765283
          0.39600000          0.86162060
          0.39700000          0.87588951
          0.39800000          0.89046739
          0.39900000          0.90536232
          0.40000000          0.92058259
          0.40100000          0.93613673
          0.40200000          0.95203350
          0.40300000          0.96828190
          0.40400000          0.98489118
          0.40500000          1.00187084
          0.40600000          1.01923064
          0.40700000          1.03698060
          0.40800000          1.05513099
          0.40900000          1.07369238
          0.41000000          1.09267558
          0.41100000          1.11209171
          0.41200000          1.13195216
          0.41300000          1.15226858
          0.41400000          1.17305295
          0.41500000          1.19431750
          0.41600000          1.21607477
          0.41700000          1.23833759
          0.41800000          1.26111908
          0.41900000          1.28443263
          0.42000000          1.30829194
          0.42100000          1.33271098
          0.42200000          1.35770399
          0.42300000          1.38328550
          0.42400000          1.40947028
          0.42500000          1.43627338
          0.42600000          1.46371005
          0.42700000          1.49179581
          0.42800000          1.52054636
          0.42900000          1.54997760
          0.43000000          1.58010559
          0.43100000          1.61094654
          0.43200000          1.64251676
          0.43300000          1.67483266
          0.43400000          1.70791066
          0.43500000          1.74176719
          0.43600000          1.77641865
          0.43700000          1.81188132
          0.43800000          1.84817131
          0.43900000          1.88530453
          0.44000000          1.92329657
          0.44100000          1.96216265
          0.44200000          2.00191753
          0.44300000          2.04257540
          0.44400000          2.08414979
          0.44500000          2.12665346
          0.44600000          2.17009825
          0.44700000          2.21449496
          0.44800000          2.25985322
          0.44900000          2.30618131
          0.45000000          2.35348597
          0.45100000          2.40177229
          0.45200000          2.45104341
          0.45300000          2.50130042
          0.45400000          2.55254204
          0.45500000          2.60476444
          0.45600000          2.65796099
          0.45700000          2.71212195
          0.45800000          2.76723427
          0.45900000          2.82328121
          0.46000000          2.88024211
          0.46100000          2.93809206
          0.46200000          2.99680157
          0.46300000          3.05633628
          0.46400000          3.11665658
          0.46500000          3.17771734
          0.46600000          3.23946754
          0.46700000          3.30184999
          0.46800000          3.36480099
          0.46900000          3.42825008
          0.47000000          3.49211972
          0.47100000          3.55632510
          0.47200000          3.62077394
          0.47300000          3.68536626
          0.47400000          3.74999437
          0.47500000          3.81454273
          0.47600000          3.87888804
          0.47700000          3.94289925
          0.47800000          4.00643780
          0.47900000          4.06935787
          0.48000000          4.13150670
          0.48100000          4.19272510
          0.48200000          4.25284800
          0.48300000          4.31170515
          0.48400000          4.36912193
          0.48500000          4.42492022
          0.48600000          4.47891949
          0.48700000          4.53093790
          0.48800000          4.58079356
          0.48900000          4.62830583
          0.49000000          4.67329675
          0.49100000          4.71559250
          0.49200000          4.75502492
          0.49300000          4.79143300
          0.49400000          4.82466447
          0.49500000          4.85457724
          0.49600000          4.88104089
          0.49700000          4.90393803
          0.49800000          4.92316554
          0.49900000          4.93863576
          0.50000000          4.95027742
          0.50100000          4.95803651
          0.50200000          4.96187684
          0.50300000          4.96178051
          0.50400000          4.95774809
          0.50500000          4.94979862
          0.50600000          4.93796942
          0.50700000          4.92231558
          0.50800000          4.90290941
          0.50900000          4.87983953
          0.51000000          4.85320995
          0.51100000          4.82313886
          0.51200000          4.78975742
          0.51300000          4.75320831
          0.51400000          4.71364434
          0.51500000          4.67122691
          0.51600000          4.62612450
          0.51700000          4.57851114
          0.51800000          4.52856488
          0.51900000          4.47646636
          0.52000000          4.42239741
          0.52100000          4.36653968
          0.52200000          4.30907348
          0.52300000          4.25017661
          0.52400000          4.19002332
          0.52500000          4.12878345
          0.52600000          4.06662160
          0.52700000          4.00369646
          0.52800000          3.94016027
          0.52900000          3.87615832
          0.53000000          3.81182861
          0.53100000          3.74730162
          0.53200000          3.68270010
          0.53300000          3.61813904
          0.53400000          3.55372559
          0.53500000          3.48955919
          0.53600000          3.42573163
          0.53700000          3.36232723
          0.53800000          3.29942304
          0.53900000          3.23708910
          0.54000000          3.17538869
          0.54100000          3.11437860
          0.54200000          3.05410949
          0.54300000          2.99462617
          0.54400000          2.93596791
          0.54500000          2.87816881
          0.54600000          2.82125809
          0.54700000          2.76526043
          0.54800000          2.71019629
          0.54900000          2.65608219
          0.55000000          2.60293105
          0.55100000          2.55075243
          0.55200000          2.49955287
          0.55300000          2.44933607
          0.55400000          2.40010321
          0.55500000          2.35185314
          0.55600000          2.30458264
          0.55700000          2.25828659
          0.55800000          2.21295819
          0.55900000          2.16858915
          0.56000000          2.12516982
          0.56100000          2.08268938
          0.56200000          2.04113601
          0.56300000          2.00049694
          0.56400000          1.96075866
          0.56500000          1.92190701
          0.56600000          1.88392724
          0.56700000          1.84680417
          0.56800000          1.81052223
          0.56900000          1.77506556
          0.57000000          1.74041809
          0.57100000          1.70656356
          0.57200000          1.67348564
          0.57300000          1.64116793
          0.57400000          1.60959406
          0.57500000          1.57874767
          0.57600000          1.54861250
          0.57700000          1.51917238
          0.57800000          1.49041131
          0.57900000          1.46231343
          0.58000000          1.43486309
          0.58100000          1.40804483
          0.58200000          1.38184344
          0.58300000          1.35624391
          0.58400000          1.33123153
          0.58500000          1.30679181
          0.58600000          1.28291056
          0.58700000          1.25957385
          0.58800000          1.23676803
          0.58900000          1.21447974
          0.59000000          1.19269592
          0.59100000          1.17140377
          0.59200000          1.15059080
          0.59300000          1.13024480
          0.59400000          1.11035386
          0.59500000          1.09090633
          0.59600000          1.07189088
          0.59700000          1.05329642
          0.59800000          1.03511217
          0.59900000          1.01732760
          0.60000000          0.99993247
          0.60100000          0.98291678
          0.60200000          0.96627082
          0.60300000          0.94998510
          0.60400000          0.93405042
          0.60500000          0.91845778
          0.60600000          0.90319847
          0.60700000          0.88826397
          0.60800000          0.87364603
          0.60900000          0.85933658
          0.61000000          0.84532781
          0.61100000          0.83161211
          0.61200000          0.81818206
          0.61300000          0.80503047
          0.61400000          0.79215033
          0.61500000          0.77953484
          0.61600000          0.76717737
          0.61700000          0.75507149
          0.61800000          0.74321093
          0.61900000          0.73158960
          0.62000000          0.72020159
          0.62100000          0.70904114
          0.62200000          0.69810266
          0.62300000          0.68738070
          0.62400000          0.67686997
          0.62500000          0.66656533
          0.62600000          0.65646178
          0.62700000          0.64655445
          0.62800000          0.63683862
          0.62900000          0.62730968
          0.63000000          0.61796315
          0.63100000          0.60879470
          0.63200000          0.59980008
          0.63300000          0.59097519
          0.63400000          0.58231601
          0.63500000          0.57381865
          0.63600000          0.56547933
          0.63700000          0.55729436
          0.63800000          0.54926016
          0.63900000          0.54137323
          0.64000000          0.53363017
          0.64100000          0.52602770
          0.64200000          0.51856258
          0.64300000          0.51123170
          0.64400000          0.50403200
          0.64500000          0.49696052
          0.64600000          0.49001437
          0.64700000          0.48319076
          0.64800000          0.47648693
          0.64900000          0.46990022
          0.65000000          0.46342805
          0.65100000          0.45706788
          0.65200000          0.45081726
          0.65300000          0.44467379
          0.65400000          0.43863513
          0.65500000          0.43269902
          0.65600000          0.42686323
          0.65700000          0.42112560
          0.65800000          0.41548404
          0.65900000          0.40993649
          0.66000000          0.40448096
          0.66100000          0.39911550
          0.66200000          0.39383821
          0.66300000          0.38864724
          0.66400000          0.38354078
          0.66500000          0.37851709
          0.66600000          0.37357443
          0.66700000          0.36871115
          0.66800000          0.36392560
          0.66900000          0.35921621
          0.67000000          0.35458141
          0.67100000          0.35001969
          0.67200000          0.34552958
          0.67300000          0.34110963
          0.67400000          0.33675845
          0.67500000          0.33247465
          0.67600000          0.32825689
          0.67700000          0.32410388
          0.67800000          0.32001432
          0.67900000          0.31598699
          0.68000000          0.31202066
          0.68100000          0.30811415
          0.68200000          0.30426629
          0.68300000          0.30047595
          0.68400000          0.29674203
          0.68500000          0.29306345
          0.68600000          0.28943916
          0.68700000          0.28586811
          0.68800000          0.28234931
          0.68900000          0.27888177
          0.69000000          0.27546454
          0.69100000          0.27209666
          0.69200000          0.26877723
          0.69300000          0.26550535
          0.69400000          0.26228013
          0.69500000          0.25910073
          0.69600000          0.25596630
          0.69700000          0.25287603
          0.69800000          0.24982911
          0.69900000          0.24682476
          0.70000000          0.24386222
          0.70100000          0.24094074
          0.70200000          0.23805957
          0.70300000          0.23521802
          0.70400000          0.23241536
          0.70500000          0.22965093
          0.70600000          0.22692404
          0.70700000          0.22423405
          0.70800000          0.22158031
          0.70900000          0.21896218
          0.71000000          0.21637906
          0.71100000          0.21383034
          0.71200000          0.21131544
          0.71300000          0.20883377
          0.71400000          0.20638477
          0.71500000          0.20396788
          0.71600000          0.20158258
          0.71700000          0.19922832
          0.71800000          0.19690458
          0.71900000          0.19461086
          0.72000000          0.19234666
          0.72100000          0.19011149
          0.72200000          0.18790488
          0.72300000          0.18572635
          0.72400000          0.18357545
          0.72500000          0.18145172
          0.72600000          0.17935473
          0.72700000          0.17728404
          0.72800000          0.17523924
          0.72900000          0.17321990
          0.73000000          0.17122563
          0.73100000          0.16925602
          0.73200000          0.16731068
          0.73300000          0.16538923
          0.73400000          0.16349130
          0.73500000          0.16161652
          0.73600000          0.15976452
          0.73700000          0.15793496
          0.73800000          0.15612749
          0.73900000          0.15434176
          0.74000000          0.15257745
          0.74100000          0.15083423
          0.74200000          0.14911177
          0.74300000          0.14740976
          0.74400000          0.14572790
          0.74500000          0.14406588
          0.74600000          0.14242340
          0.74700000          0.14080017
          0.74800000          0.13919591
          0.74900000          0.13761034
          0.75000000          0.13604318
          0.75100000          0.13449416
          0.75200000          0.13296301
          0.75300000          0.13144948
          0.75400000          0.12995330
          0.75500000          0.12847424
          0.75600000          0.12701204
          0.75700000          0.12556646
          0.75800000          0.12413726
          0.75900000          0.12272421
          0.76000000          0.12132709
          0.76100000          0.11994566
          0.76200000          0.11857971
          0.76300000          0.11722902
          0.76400000          0.11589338
          0.76500000          0.11457258
          0.76600000          0.11326641
          0.76700000          0.11197467
          0.76800000          0.11069717
          0.76900000          0.10943371
          0.77000000          0.10818409
          0.77100000          0.10694814
          0.77200000          0.10572566
          0.77300000          0.10451648
          0.77400000          0.10332042
          0.77500000          0.10213730
          0.77600000          0.10096695
          0.77700000          0.09980921
          0.77800000          0.09866390
          0.77900000          0.09753086
          0.78000000          0.09640993
          0.78100000          0.09530096
          0.78200000          0.09420380
          0.78300000          0.09311827
          0.78400000          0.09204425
          0.78500000          0.09098158
          0.78600000          0.08993012
          0.78700000          0.08888972
          0.78800000          0.08786025
          0.78900000          0.08684156
          0.79000000          0.08583353
          0.79100000          0.08483601
          0.79200000          0.08384889
          0.79300000          0.08287202
          0.79400000          0.08190529
          0.79500000          0.08094857
          0.79600000          0.08000174
          0.79700000          0.07906467
          0.79800000          0.07813726
          0.79900000          0.07721938
          0.80000000          0.07631091
          0.80100000          0.07541176
          0.80200000          0.07452180
          0.80300000          0.07364092
          0.80400000          0.07276903
          0.80500000          0.07190601
          0.80600000          0.07105176
          0.80700000          0.07020619
          0.80800000          0.06936918
          0.80900000          0.06854064
          0.81000000          0.06772047
          0.81100000          0.06690859
          0.81200000          0.06610488
          0.81300000          0.06530927
          0.81400000          0.06452166
          0.81500000          0.06374196
          0.81600000          0.06297008
          0.81700000          0.06220594
          0.81800000          0.06144945
          0.81900000          0.06070053
          0.82000000          0.05995909
          0.82100000          0.05922505
          0.82200000          0.05849834
          0.82300000          0.05777887
          0.82400000          0.05706657
          0.82500000          0.05636136
          0.82600000          0.05566316
          0.82700000          0.05497191
          0.82800000          0.05428752
          0.82900000          0.05360994
          0.83000000          0.05293908
          0.83100000          0.05227487
          0.83200000          0.05161726
          0.83300000          0.05096616
          0.83400000          0.05032153
          0.83500000          0.04968328
          0.83600000          0.04905136
          0.83700000          0.04842571
          0.83800000          0.04780625
          0.83900000          0.04719294
          0.84000000          0.04658570
          0.84100000          0.04598449
          0.84200000          0.04538924
          0.84300000          0.04479989
          0.84400000          0.04421640
          0.84500000          0.04363869
          0.84600000          0.04306673
          0.84700000          0.04250045
          0.84800000          0.04193980
          0.84900000          0.04138473
          0.85000000          0.04083519
          0.85100000          0.04029112
          0.85200000          0.03975249
          0.85300000          0.03921923
          0.85400000          0.03869130
          0.85500000          0.03816865
          0.85600000          0.03765124
          0.85700000          0.03713902
          0.85800000          0.03663195
          0.85900000          0.03612997
          0.86000000          0.03563305
          0.86100000          0.03514115
          0.86200000          0.03465421
          0.86300000          0.03417221
          0.86400000          0.03369509
          0.86500000          0.03322282
          0.86600000          0.03275535
          0.86700000          0.03229266
          0.86800000          0.03183469
          0.86900000          0.03138142
          0.87000000          0.03093280
          0.87100000          0.03048879
          0.87200000          0.03004937
          0.87300000          0.02961450
          0.87400000          0.02918413
          0.87500000          0.02875825
          0.87600000          0.02833680
          0.87700000          0.02791977
          0.87800000          0.02750711
          0.87900000          0.02709879
          0.88000000          0.02669479
          0.88100000          0.02629507
          0.88200000          0.02589960
          0.88300000          0.02550836
          0.88400000          0.02512130
          0.88500000          0.02473841
          0.88600000          0.02435965
          0.88700000          0.02398500
          0.88800000          0.02361442
          0.88900000          0.02324790
          0.89000000          0.02288540
          0.89100000          0.02252690
          0.89200000          0.02217237
          0.89300000          0.02182179
          0.89400000          0.02147513
          0.89500000          0.02113237
          0.89600000          0.02079349
          0.89700000          0.02045845
          0.89800000          0.02012725
          0.89900000          0.01979985
          0.90000000          0.01947623
          0.90100000          0.01915637
          0.90200000          0.01884025
          0.90300000          0.01852786
          0.90400000          0.01821916
          0.90500000          0.01791414
          0.90600000          0.01761277
          0.90700000          0.01731505
          0.90800000          0.01702095
          0.90900000          0.01673045
          0.91000000          0.01644353
          0.91100000          0.01616018
          0.91200000          0.01588038
          0.91300000          0.01560410
          0.91400000          0.01533135
          0.91500000          0.01506209
          0.91600000          0.01479631
          0.91700000          0.01453400
          0.91800000          0.01427514
          0.91900000          0.01401972
          0.92000000          0.01376772
          0.92100000          0.01351913
          0.92200000          0.01327393
          0.92300000          0.01303211
          0.92400000          0.01279366
          0.92500000          0.01255856
          0.92600000          0.01232681
          0.92700000          0.01209838
          0.92800000          0.01187327
          0.92900000          0.01165147
          0.93000000          0.01143296
          0.93100000          0.01121774
          0.93200000          0.01100579
          0.93300000          0.01079710
          0.93400000          0.01059167
          0.93500000          0.01038948
          0.93600000          0.01019052
          0.93700000          0.00999479
          0.93800000          0.00980228
          0.93900000          0.00961297
          0.94000000          0.00942686
          0.94100000          0.00924395
          0.94200000          0.00906422
          0.94300000          0.00888766
          0.94400000          0.00871428
          0.94500000          0.00854406
          0.94600000          0.00837699
          0.94700000          0.00821308
          0.94800000          0.00805231
          0.94900000          0.00789468
          0.95000000          0.00774018
          0.95100000          0.00758881
          0.95200000          0.00744057
          0.95300000          0.00729544
          0.95400000          0.00715343
          0.95500000          0.00701453
          0.95600000          0.00687874
          0.95700000          0.00674605
          0.95800000          0.00661646
          0.95900000          0.00648996
          0.96000000          0.00636656
          0.96100000          0.00624625
          0.96200000          0.00612903
          0.96300000          0.00601489
          0.96400000          0.00590383
          0.96500000          0.00579585
          0.96600000          0.00569095
          0.96700000          0.00558913
          0.96800000          0.00549038
          0.96900000          0.00539470
          0.97000000          0.00530208
          0.97100000          0.00521253
          0.97200000          0.00512604
          0.97300000          0.00504260
          0.97400000          0.00496221
          0.97500000          0.00488487
          0.97600000          0.00481057
          0.97700000          0.00473929
          0.97800000          0.00467103
          0.97900000          0.00460577
          0.98000000          0.00454349
          0.98100000          0.00448417
          0.98200000          0.00442776
          0.98300000          0.00437424
          0.98400000          0.00432354
          0.98500000          0.00427558
          0.98600000          0.00423026
          0.98700000          0.00418741
          0.98800000          0.00414682
          0.98900000          0.00410817
          0.99000000          0.00407097
          0.99100000          0.00403444
          0.99200000          0.00399733
          0.99300000          0.00395743
          0.99400000          0.00391069
          0.99500000          0.00384895
          0.99600000          0.00375376
          0.99700000          0.00357696
          0.99800000          0.00316563
          0.99900000          0.00195825
          1.00000000          0.00000040
          1.00100000          0.00204226
          1.00200000          0.00324253
          1.00300000          0.00364679
          1.00400000          0.00382194
          1.00500000          0.00391885
          1.00600000          0.00398438
          1.00700000          0.00403622
          1.00800000          0.00408216
          1.00900000          0.00412602
          1.01000000          0.00416986
          1.01100000          0.00421486
          1.01200000          0.00426174
          1.01300000          0.00431096
          1.01400000          0.00436283
          1.01500000          0.00441757
          1.01600000          0.00447532
          1.01700000          0.00453620
          1.01800000          0.00460030
          1.01900000          0.00466768
          1.02000000          0.00473841
          1.02100000          0.00481252
          1.02200000          0.00489006
          1.02300000          0.00497107
          1.02400000          0.00505557
          1.02500000          0.00514360
          1.02600000          0.00523518
          1.02700000          0.00533035
          1.02800000          0.00542911
          1.02900000          0.00553151
          1.03000000          0.00563755
          1.03100000          0.00574728
          1.03200000          0.00586070
          1.03300000          0.00597784
          1.03400000          0.00609873
          1.03500000          0.00622339
          1.03600000          0.00635183
          1.03700000          0.00648410
          1.03800000          0.00662020
          1.03900000          0.00676016
          1.04000000          0.00690401
          1.04100000          0.00705177
          1.04200000          0.00720346
          1.04300000          0.00735912
          1.04400000          0.00751876
          1.04500000          0.00768241
          1.04600000          0.00785010
          1.04700000          0.00802186
          1.04800000          0.00819771
          1.04900000          0.00837767
          1.05000000          0.00856178
          1.05100000          0.00875007
          1.05200000          0.00894256
          1.05300000          0.00913928
          1.05400000          0.00934027
          1.05500000          0.00954554
          1.05600000          0.00975514
          1.05700000          0.00996909
          1.05800000          0.01018743
          1.05900000          0.01041018
          1.06000000          0.01063738
          1.06100000          0.01086907
          1.06200000          0.01110526
          1.06300000          0.01134601
          1.06400000          0.01159134
          1.06500000          0.01184129
          1.06600000          0.01209589
          1.06700000          0.01235519
          1.06800000          0.01261921
          1.06900000          0.01288799
          1.07000000          0.01316157
          1.07100000          0.01344000
          1.07200000          0.01372330
          1.07300000          0.01401152
          1.07400000          0.01430469
          1.07500000          0.01460287
          1.07600000          0.01490609
          1.07700000          0.01521438
          1.07800000          0.01552780
          1.07900000          0.01584639
          1.08000000          0.01617019
          1.08100000          0.01649924
          1.08200000          0.01683359
          1.08300000          0.01717329
          1.08400000          0.01751838
          1.08500000          0.01786891
          1.08600000          0.01822493
          1.08700000          0.01858648
          1.08800000          0.01895362
          1.08900000          0.01932639
          1.09000000          0.01970485
          1.09100000          0.02008905
          1.09200000          0.02047903
          1.09300000          0.02087485
          1.09400000          0.02127657
          1.09500000          0.02168424
          1.09600000          0.02209792
          1.09700000          0.02251765
          1.09800000          0.02294351
          1.09900000          0.02337554
          1.10000000          0.02381380
          1.10100000          0.02425836
          1.10200000          0.02470927
          1.10300000          0.02516660
          1.10400000          0.02563040
          1.10500000          0.02610075
          1.10600000          0.02657770
          1.10700000          0.02706131
          1.10800000          0.02755167
          1.10900000          0.02804882
          1.11000000          0.02855285
          1.11100000          0.02906381
          1.11200000          0.02958178
          1.11300000          0.03010682
          1.11400000          0.03063902
          1.11500000          0.03117844
          1.11600000          0.03172516
          1.11700000          0.03227925
          1.11800000          0.03284079
          1.11900000          0.03340985
          1.12000000          0.03398652
          1.12100000          0.03457087
          1.12200000          0.03516298
          1.12300000          0.03576294
          1.12400000          0.03637082
          1.12500000          0.03698672
          1.12600000          0.03761072
          1.12700000          0.03824290
          1.12800000          0.03888336
          1.12900000          0.03953217
          1.13000000          0.04018944
          1.13100000          0.04085526
          1.13200000          0.04152971
          1.13300000          0.04221290
          1.13400000          0.04290492
          1.13500000          0.04360586
          1.13600000          0.04431583
          1.13700000          0.04503493
          1.13800000          0.04576326
          1.13900000          0.04650091
          1.14000000          0.04724801
          1.14100000          0.04800465
          1.14200000          0.04877094
          1.14300000          0.04954700
          1.14400000          0.05033293
          1.14500000          0.05112885
          1.14600000          0.05193487
          1.14700000          0.05275111
          1.14800000          0.05357769
          1.14900000          0.05441473
          1.15000000          0.05526234
          1.15100000          0.05612067
          1.15200000          0.05698982
          1.15300000          0.05786993
          1.15400000          0.05876113
          1.15500000          0.05966355
          1.15600000          0.06057733
          1.15700000          0.06150259
          1.15800000          0.06243949
          1.15900000          0.06338815
          1.16000000          0.06434872
          1.16100000          0.06532135
          1.16200000          0.06630618
          1.16300000          0.06730337
          1.16400000          0.06831305
          1.16500000          0.06933540
          1.16600000          0.07037055
          1.16700000          0.07141868
          1.16800000          0.07247994
          1.16900000          0.07355450
          1.17000000          0.07464252
          1.17100000          0.07574418
          1.17200000          0.07685963
          1.17300000          0.07798907
          1.17400000          0.07913266
          1.17500000          0.08029059
          1.17600000          0.08146303
          1.17700000          0.08265019
          1.17800000          0.08385223
          1.17900000          0.08506936
          1.18000000          0.08630177
          1.18100000          0.08754965
          1.18200000          0.08881322
          1.18300000          0.09009267
          1.18400000          0.09138822
          1.18500000          0.09270007
          1.18600000          0.09402844
          1.18700000          0.09537354
          1.18800000          0.09673561
          1.18900000          0.09811486
          1.19000000          0.09951152
          1.19100000          0.10092583
          1.19200000          0.10235803
          1.19300000          0.10380835
          1.19400000          0.10527705
          1.19500000          0.10676436
          1.19600000          0.10827055
          1.19700000          0.10979587
          1.19800000          0.11134059
          1.19900000          0.11290496
          1.20000000          0.11448927
          1.20100000          0.11609378
          1.20200000          0.11771878
          1.20300000          0.11936455
          1.20400000          0.12103138
          1.20500000          0.12271958
          1.20600000          0.12442942
          1.20700000          0.12616124
          1.20800000          0.12791532
          1.20900000          0.12969200
          1.21000000          0.13149158
          1.21100000          0.13331441
          1.21200000          0.13516080
          1.21300000          0.13703111
          1.21400000          0.13892566
          1.21500000          0.14084483
          1.21600000          0.14278895
          1.21700000          0.14475841
          1.21800000          0.14675355
          1.21900000          0.14877477
          1.22000000          0.15082244
          1.22100000          0.15289696
          1.22200000          0.15499872
          1.22300000          0.15712813
          1.22400000          0.15928559
          1.22500000          0.16147154
          1.22600000          0.16368638
          1.22700000          0.16593056
          1.22800000          0.16820453
          1.22900000          0.17050872
          1.23000000          0.17284361
          1.23100000          0.17520965
          1.23200000          0.17760733
          1.23300000          0.18003713
          1.23400000          0.18249954
          1.23500000          0.18499506
          1.23600000          0.18752422
          1.23700000          0.19008752
          1.23800000          0.19268551
          1.23900000          0.19531873
          1.24000000          0.19798772
          1.24100000          0.20069306
          1.24200000          0.20343531
          1.24300000          0.20621506
          1.24400000          0.20903291
          1.24500000          0.21188946
          1.24600000          0.21478534
          1.24700000          0.21772118
          1.24800000          0.22069761
          1.24900000          0.22371530
          1.25000000          0.22677491
          1.25100000          0.22987713
          1.25200000          0.23302266
          1.25300000          0.23621220
          1.25400000          0.23944648
          1.25500000          0.24272623
          1.25600000          0.24605221
          1.25700000          0.24942519
          1.25800000          0.25284594
          1.25900000          0.25631528
          1.26000000          0.25983401
          1.26100000          0.26340297
          1.26200000          0.26702300
          1.26300000          0.27069498
          1.26400000          0.27441978
          1.26500000          0.27819831
          1.26600000          0.28203149
          1.26700000          0.28592027
          1.26800000          0.28986559
          1.26900000          0.29386844
          1.27000000          0.29792982
          1.27100000          0.30205075
          1.27200000          0.30623227
          1.27300000          0.31047545
          1.27400000          0.31478138
          1.27500000          0.31915116
          1.27600000          0.32358594
          1.27700000          0.32808686
          1.27800000          0.33265511
          1.27900000          0.33729191
          1.28000000          0.34199848
          1.28100000          0.34677608
          1.28200000          0.35162602
          1.28300000          0.35654960
          1.28400000          0.36154817
          1.28500000          0.36662310
          1.28600000          0.37177582
          1.28700000          0.37700774
          1.28800000          0.38232035
          1.28900000          0.38771514
          1.29000000          0.39319365
          1.29100000          0.39875745
          1.29200000          0.40440816
          1.29300000          0.41014740
          1.29400000          0.41597687
          1.29500000          0.42189827
          1.29600000          0.42791338
          1.29700000          0.43402398
          1.29800000          0.44023192
          1.29900000          0.44653907
          1.30000000          0.45294737
          1.30100000          0.45945879
          1.30200000          0.46607534
          1.30300000          0.47279909
          1.30400000          0.47963215
          1.30500000          0.48657669
          1.30600000          0.49363492
          1.30700000          0.50080910
          1.30800000          0.50810156
          1.30900000          0.51551468
          1.31000000          0.52305088
          1.31100000          0.53071267
          1.31200000          0.53850260
          1.31300000          0.54642329
          1.31400000          0.55447741
          1.31500000          0.56266771
          1.31600000          0.57099700
          1.31700000          0.57946818
          1.31800000          0.58808418
          1.31900000          0.59684805
          1.32000000          0.60576288
          1.32100000          0.61483186
          1.32200000          0.62405825
          1.32300000          0.63344539
          1.32400000          0.64299672
          1.32500000          0.65271574
          1.32600000          0.66260607
          1.32700000          0.67267141
          1.32800000          0.68291554
          1.32900000          0.69334237
          1.33000000          0.70395588
          1.33100000          0.71476017
          1.33200000          0.72575945
          1.33300000          0.73695802
          1.33400000          0.74836033
          1.33500000          0.75997090
          1.33600000          0.77179441
          1.33700000          0.78383565
          1.33800000          0.79609953
          1.33900000          0.80859110
          1.34000000          0.82131554
          1.34100000          0.83427819
          1.34200000          0.84748450
          1.34300000          0.86094009
          1.34400000          0.87465074
          1.34500000          0.88862238
          1.34600000          0.90286108
          1.34700000          0.91737312
          1.34800000          0.93216491
          1.34900000          0.94724308
          1.35000000          0.96261442
          1.35100000          0.97828590
          1.35200000          0.99426471
          1.35300000          1.01055823
          1.35400000          1.02717405
          1.35500000          1.04411997
          1.35600000          1.06140401
          1.35700000          1.07903444
          1.35800000          1.09701974
          1.35900000          1.11536864
          1.36000000          1.13409012
          1.36100000          1.15319344
          1.36200000          1.17268809
          1.36300000          1.19258387
          1.36400000          1.21289084
          1.36500000          1.23361938
          1.36600000          1.25478013
          1.36700000          1.27638410
          1.36800000          1.29844257
          1.36900000          1.32096718
          1.37000000          1.34396992
          1.37100000          1.36746311
          1.37200000          1.39145946
          1.37300000          1.41597204
          1.37400000          1.44101431
          1.37500000          1.46660016
          1.37600000          1.49274385
          1.37700000          1.51946011
          1.37800000          1.54676409
          1.37900000          1.57467139
          1.38000000          1.60319809
          1.38100000          1.63236077
          1.38200000          1.66217647
          1.38300000          1.69266278
          1.38400000          1.72383781
          1.38500000          1.75572022
          1.38600000          1.78832923
          1.38700000          1.82168463
          1.38800000          1.85580683
          1.38900000          1.89071686
          1.39000000          1.92643636
          1.39100000          1.96298765
          1.39200000          2.00039370
          1.39300000          2.03867819
          1.39400000          2.07786551
          1.39500000          2.11798076
          1.39600000          2.15904983
          1.39700000          2.20109935
          1.39800000          2.24415677
          1.39900000          2.28825032
          1.40000000          2.33340909
          1.40100000          2.37966302
          1.40200000          2.42704293
          1.40300000          2.47558051
          1.40400000          2.52530840
          1.40500000          2.57626015
          1.40600000          2.62847027
          1.40700000          2.68197426
          1.40800000          2.73680858
          1.40900000          2.79301072
          1.41000000          2.85061919
          1.41100000          2.90967352
          1.41200000          2.97021431
          1.41300000          3.03228319
          1.41400000          3.09592288
          1.41500000          3.16117718
          1.41600000          3.22809093
          1.41700000          3.29671008
          1.41800000          3.36708163
          1.41900000          3.43925365
          1.42000000          3.51327525
          1.42100000          3.58919660
          1.42200000          3.66706883
          1.42300000          3.74694409
          1.42400000          3.82887543
          1.42500000          3.91291684
          1.42600000          3.99912310
          1.42700000          4.08754980
          1.42800000          4.17825321
          1.42900000          4.27129022
          1.43000000          4.36671823
          1.43100000          4.46459504
          1.43200000          4.56497871
          1.43300000          4.66792745
          1.43400000          4.77349941
          1.43500000          4.88175252
          1.43600000          4.99274427
          1.43700000          5.10653152
          1.43800000          5.22317018
          1.43900000          5.34271499
          1.44000000          5.46521920
          1.44100000          5.59073420
          1.44200000          5.71930916
          1.44300000          5.85099066
          1.44400000          5.98582220
          1.44500000          6.12384374
          1.44600000          6.26509117
          1.44700000          6.40959577
          1.44800000          6.55738356
          1.44900000          6.70847470
          1.45000000          6.86288276
          1.45100000          7.02061400
          1.45200000          7.18166656
          1.45300000          7.34602962
          1.45400000          7.51368259
          1.45500000          7.68459410
          1.45600000          7.85872109
          1.45700000          8.03600781
          1.45800000          8.21638479
          1.45900000          8.39976779
          1.46000000          8.58605673
          1.46100000          8.77513461
          1.46200000          8.96686644
          1.46300000          9.16109819
          1.46400000          9.35765574
          1.46500000          9.55634392
          1.46600000          9.75694556
          1.46700000          9.95922067
          1.46800000         10.16290571
          1.46900000         10.36771297
          1.47000000         10.57333012
          1.47100000         10.77941993
          1.47200000         10.98562020
          1.47300000         11.19154391
          1.47400000         11.39677965
          1.47500000         11.60089228
          1.47600000         11.80342394
          1.47700000         12.00389539
          1.47800000         12.20180764
          1.47900000         12.39664397
          1.48000000         12.58787233
          1.48100000         12.77494803
          1.48200000         12.95731685
          1.48300000         13.13441848
          1.48400000         13.30569022
          1.48500000         13.47057105
          1.48600000         13.62850585
          1.48700000         13.77894993
          1.48800000         13.92137354
          1.48900000         14.05526663
          1.49000000         14.18014343
          1.49100000         14.29554714
          1.49200000         14.40105430
          1.49300000         14.49627901
          1.49400000         14.58087686
          1.49500000         14.65454840
          1.49600000         14.71704224
          1.49700000         14.76815756
          1.49800000         14.80774612
          1.49900000         14.83571360
          1.50000000         14.85202039
          1.50100000         14.85668165
          1.50200000         14.84976681
          1.50300000         14.83139841
          1.50400000         14.80175031
          1.50500000         14.76104541
          1.50600000         14.70955283
          1.50700000         14.64758466
          1.50800000         14.57549229
          1.50900000         14.49366253
          1.51000000         14.40251341
          1.51100000         14.30248988
          1.51200000         14.19405940
          1.51300000         14.07770759
          1.51400000         13.95393383
          1.51500000         13.82324708
          1.51600000         13.68616182
          1.51700000         13.54319421
          1.51800000         13.39485851
          1.51900000         13.24166380
          1.52000000         13.08411097
          1.52100000         12.92269006
          1.52200000         12.75787786
          1.52300000         12.59013595
          1.52400000         12.41990890
          1.52500000         12.24762295
          1.52600000         12.07368480
          1.52700000         11.89848084
          1.52800000         11.72237653
          1.52900000         11.54571605
          1.53000000         11.36882217
          1.53100000         11.19199629
          1.53200000         11.01551863
          1.53300000         10.83964864
          1.53400000         10.66462544
          1.53500000         10.49066844
          1.53600000         10.31797796
          1.53700000         10.14673604
          1.53800000          9.97710717
          1.53900000          9.80923916
          1.54000000          9.64326395
          1.54100000          9.47929853
          1.54200000          9.31744578
          1.54300000          9.15779532
          1.54400000          9.00042441
          1.54500000          8.84539876
          1.54600000          8.69277334
          1.54700000          8.54259319
          1.54800000          8.39489416
          1.54900000          8.24970364
          1.55000000          8.10704126
          1.55100000          7.96691955
          1.55200000          7.82934456
          1.55300000          7.69431643
          1.55400000          7.56182999
          1.55500000          7.43187523
          1.55600000          7.30443781
          1.55700000          7.17949952
          1.55800000          7.05703868
          1.55900000          6.93703054
          1.56000000          6.81944764
          1.56100000          6.70426017
          1.56200000          6.59143622
          1.56300000          6.48094214
          1.56400000          6.37274271
          1.56500000          6.26680148
          1.56600000          6.16308090
          1.56700000          6.06154256
          1.56800000          5.96214737
          1.56900000          5.86485572
          1.57000000          5.76962762
          1.57100000          5.67642284
          1.57200000          5.58520103
          1.57300000          5.49592185
          1.57400000          5.40854502
          1.57500000          5.32303044
          1.57600000          5.23933827
          1.57700000          5.15742899
          1.57800000          5.07726343
          1.57900000          4.99880289
          1.58000000          4.92200911
          1.58100000          4.84684439
          1.58200000          4.77327155
          1.58300000          4.70125398
          1.58400000          4.63075572
          1.58500000          4.56174138
          1.58600000          4.49417626
          1.58700000          4.42802627
          1.58800000          4.36325803
          1.58900000          4.29983879
          1.59000000          4.23773651
          1.59100000          4.17691979
          1.59200000          4.11735794
          1.59300000          4.05902094
          1.59400000          4.00187943
          1.59500000          3.94590475
          1.59600000          3.89106886
          1.59700000          3.83734442
          1.59800000          3.78470471
          1.59900000          3.73312367
          1.60000000          3.68257585
          1.60100000          3.63303646
          1.60200000          3.58448127
          1.60300000          3.53688671
          1.60400000          3.49022974
          1.60500000          3.44448795
          1.60600000          3.39963947
          1.60700000          3.35566299
          1.60800000          3.31253775
          1.60900000          3.27024352
          1.61000000          3.22876058
          1.61100000          3.18806973
          1.61200000          3.14815226
          1.61300000          3.10898996
          1.61400000          3.07056507
          1.61500000          3.03286031
          1.61600000          2.99585884
          1.61700000          2.95954426
          1.61800000          2.92390061
          1.61900000          2.88891232
          1.62000000          2.85456425
          1.62100000          2.82084166
          1.62200000          2.78773016
          1.62300000          2.75521578
          1.62400000          2.72328487
          1.62500000          2.69192418
          1.62600000          2.66112077
          1.62700000          2.63086206
          1.62800000          2.60113578
          1.62900000          2.57192999
          1.63000000          2.54323305
          1.63100000          2.51503362
          1.63200000          2.48732068
          1.63300000          2.46008345
          1.63400000          2.43331146
          1.63500000          2.40699451
          1.63600000          2.38112263
          1.63700000          2.35568615
          1.63800000          2.33067561
          1.63900000          2.30608180
          1.64000000          2.28189575
          1.64100000          2.25810873
          1.64200000          2.23471220
          1.64300000          2.21169786
          1.64400000          2.18905760
          1.64500000          2.16678354
          1.64600000          2.14486797
          1.64700000          2.12330338
          1.64800000          2.10208246
          1.64900000          2.08119807
          1.65000000          2.06064325
          1.65100000          2.04041120
          1.65200000          2.02049530
          1.65300000          2.00088910
          1.65400000          1.98158628
          1.65500000          1.96258071
          1.65600000          1.94386637
          1.65700000          1.92543742
          1.65800000          1.90728814
          1.65900000          1.88941295
          1.66000000          1.87180642
          1.66100000          1.85446323
          1.66200000          1.83737819
          1.66300000          1.82054625
          1.66400000          1.80396245
          1.66500000          1.78762198
          1.66600000          1.77152012
          1.66700000          1.75565226
          1.66800000          1.74001391
          1.66900000          1.72460069
          1.67000000          1.70940830
          1.67100000          1.69443255
          1.67200000          1.67966935
          1.67300000          1.66511469
          1.67400000          1.65076468
          1.67500000          1.63661549
          1.67600000          1.62266339
          1.67700000          1.60890473
          1.67800000          1.59533595
          1.67900000          1.58195356
          1.68000000          1.56875415
          1.68100000          1.55573439
          1.68200000          1.54289103
          1.68300000          1.53022087
          1.68400000          1.51772080
          1.68500000          1.50538778
          1.68600000          1.49321883
          1.68700000          1.48121103
          1.68800000          1.46936152
          1.68900000          1.45766753
          1.69000000          1.44612631
          1.69100000          1.43473521
          1.69200000          1.42349160
          1.69300000          1.41239292
          1.69400000          1.40143668
          1.69500000          1.39062043
          1.69600000          1.37994176
          1.69700000          1.36939832
          1.69800000          1.35898783
          1.69900000          1.34870803
          1.70000000          1.33855671
          1.70100000          1.32853171
          1.70200000          1.31863093
          1.70300000          1.30885230
          1.70400000          1.29919378
          1.70500000          1.28965339
          1.70600000          1.28022918
          1.70700000          1.27091926
          1.70800000          1.26172174
          1.70900000          1.25263481
          1.71000000          1.24365667
          1.71100000          1.23478556
          1.71200000          1.22601976
          1.71300000          1.21735759
          1.71400000          1.20879738
          1.71500000          1.20033753
          1.71600000          1.19197643
          1.71700000          1.18371253
          1.71800000          1.17554430
          1.71900000          1.16747025
          1.72000000          1.15948890
          1.72100000          1.15159881
          1.72200000          1.14379857
          1.72300000          1.13608680
          1.72400000          1.12846214
          1.72500000          1.12092324
          1.72600000          1.11346881
          1.72700000          1.10609756
          1.72800000          1.09880824
          1.72900000          1.09159959
          1.73000000          1.08447042
          1.73100000          1.07741954
          1.73200000          1.07044577
          1.73300000          1.06354797
          1.73400000          1.05672502
          1.73500000          1.04997581
          1.73600000          1.04329926
          1.73700000          1.03669430
          1.73800000          1.03015989
          1.73900000          1.02369500
          1.74000000          1.01729863
          1.74100000          1.01096979
          1.74200000          1.00470751
          1.74300000          0.99851083
          1.74400000          0.99237881
          1.74500000          0.98631055
          1.74600000          0.98030512
          1.74700000          0.97436166
          1.74800000          0.96847927
          1.74900000          0.96265711
          1.75000000          0.95689434
          1.75100000          0.95119012
          1.75200000          0.94554365
          1.75300000          0.93995413
          1.75400000          0.93442077
          1.75500000          0.92894280
          1.75600000          0.92351946
          1.75700000          0.91815001
          1.75800000          0.91283372
          1.75900000          0.90756986
          1.76000000          0.90235773
          1.76100000          0.89719663
          1.76200000          0.89208588
          1.76300000          0.88702481
          1.76400000          0.88201275
          1.76500000          0.87704905
          1.76600000          0.87213308
          1.76700000          0.86726420
          1.76800000          0.86244180
          1.76900000          0.85766527
          1.77000000          0.85293400
          1.77100000          0.84824742
          1.77200000          0.84360495
          1.77300000          0.83900600
          1.77400000          0.83445003
          1.77500000          0.82993648
          1.77600000          0.82546481
          1.77700000          0.82103448
          1.77800000          0.81664497
          1.77900000          0.81229576
          1.78000000          0.80798635
          1.78100000          0.80371624
          1.78200000          0.79948492
          1.78300000          0.79529192
          1.78400000          0.79113676
          1.78500000          0.78701896
          1.78600000          0.78293808
          1.78700000          0.77889364
          1.78800000          0.77488521
          1.78900000          0.77091234
          1.79000000          0.76697459
          1.79100000          0.76307155
          1.79200000          0.75920278
          1.79300000          0.75536787
          1.79400000          0.75156642
          1.79500000          0.74779802
          1.79600000          0.74406228
          1.79700000          0.74035880
          1.79800000          0.73668720
          1.79900000          0.73304710
          1.80000000          0.72943814
          1.80100000          0.72585993
          1.80200000          0.72231212
          1.80300000          0.71879436
          1.80400000          0.71530629
          1.80500000          0.71184757
          1.80600000          0.70841785
          1.80700000          0.70501679
          1.80800000          0.70164408
          1.80900000          0.69829937
          1.81000000          0.69498236
          1.81100000          0.69169271
          1.81200000          0.68843013
          1.81300000          0.68519430
          1.81400000          0.68198492
          1.81500000          0.67880168
          1.81600000          0.67564430
          1.81700000          0.67251249
          1.81800000          0.66940595
          1.81900000          0.66632440
          1.82000000          0.66326757
          1.82100000          0.66023519
          1.82200000          0.65722697
          1.82300000          0.65424266
          1.82400000          0.65128199
          1.82500000          0.64834470
          1.82600000          0.64543053
          1.82700000          0.64253924
          1.82800000          0.63967057
          1.82900000          0.63682428
          1.83000000          0.63400012
          1.83100000          0.63119786
          1.83200000          0.62841726
          1.83300000          0.62565809
          1.83400000          0.62292012
          1.83500000          0.62020313
          1.83600000          0.61750688
          1.83700000          0.61483117
          1.83800000          0.61217577
          1.83900000          0.60954046
          1.84000000          0.60692505
          1.84100000          0.60432931
          1.84200000          0.60175305
          1.84300000          0.59919606
          1.84400000          0.59665813
          1.84500000          0.59413908
          1.84600000          0.59163871
          1.84700000          0.58915682
          1.84800000          0.58669322
          1.84900000          0.58424773
          1.85000000          0.58182016
          1.85100000          0.57941033
          1.85200000          0.57701806
          1.85300000          0.57464317
          1.85400000          0.57228548
          1.85500000          0.56994482
          1.85600000          0.56762102
          1.85700000          0.56531391
          1.85800000          0.56302333
          1.85900000          0.56074910
          1.86000000          0.55849107
          1.86100000          0.55624907
          1.86200000          0.55402295
          1.86300000          0.55181255
          1.86400000          0.54961771
          1.86500000          0.54743828
          1.86600000          0.54527411
          1.86700000          0.54312506
          1.86800000          0.54099097
          1.86900000          0.53887170
          1.87000000          0.53676710
          1.87100000          0.53467704
          1.87200000          0.53260137
          1.87300000          0.53053995
          1.87400000          0.52849266
          1.87500000          0.52645934
          1.87600000          0.52443988
          1.87700000          0.52243413
          1.87800000          0.52044198
          1.87900000          0.51846328
          1.88000000          0.51649791
          1.88100000          0.51454575
          1.88200000          0.51260667
          1.88300000          0.51068056
          1.88400000          0.50876728
          1.88500000          0.50686672
          1.88600000          0.50497876
          1.88700000          0.50310329
          1.88800000          0.50124018
          1.88900000          0.49938933
          1.89000000          0.49755062
          1.89100000          0.49572394
          1.89200000          0.49390918
          1.89300000          0.49210623
          1.89400000          0.49031499
          1.89500000          0.48853534
          1.89600000          0.48676718
          1.89700000          0.48501041
          1.89800000          0.48326493
          1.89900000          0.48153063
          1.90000000          0.47980742
          1.90100000          0.47809519
          1.90200000          0.47639384
          1.90300000          0.47470329
          1.90400000          0.47302342
          1.90500000          0.47135416
          1.90600000          0.46969540
          1.90700000          0.46804705
          1.90800000          0.46640902
          1.90900000          0.46478122
          1.91000000          0.46316356
          1.91100000          0.46155596
          1.91200000          0.45995831
          1.91300000          0.45837055
          1.91400000          0.45679257
          1.91500000          0.45522430
          1.91600000          0.45366566
          1.91700000          0.45211655
          1.91800000          0.45057690
          1.91900000          0.44904663
          1.92000000          0.44752566
          1.92100000          0.44601390
          1.92200000          0.44451128
          1.92300000          0.44301773
          1.92400000          0.44153315
          1.92500000          0.44005749
          1.92600000          0.43859066
          1.92700000          0.43713259
          1.92800000          0.43568320
          1.92900000          0.43424243
          1.93000000          0.43281020
          1.93100000          0.43138643
          1.93200000          0.42997107
          1.93300000          0.42856404
          1.93400000          0.42716526
          1.93500000          0.42577468
          1.93600000          0.42439223
          1.93700000          0.42301783
          1.93800000          0.42165142
          1.93900000          0.42029294
          1.94000000          0.41894233
          1.94100000          0.41759951
          1.94200000          0.41626442
          1.94300000          0.41493701
          1.94400000          0.41361720
          1.94500000          0.41230495
          1.94600000          0.41100018
          1.94700000          0.40970284
          1.94800000          0.40841287
          1.94900000          0.40713020
          1.95000000          0.40585479
          1.95100000          0.40458657
          1.95200000          0.40332548
          1.95300000          0.40207147
          1.95400000          0.40082449
          1.95500000          0.39958447
          1.95600000          0.39835137
          1.95700000          0.39712512
          1.95800000          0.39590568
          1.95900000          0.39469299
          1.96000000          0.39348700
          1.96100000          0.39228765
          1.96200000          0.39109490
          1.96300000          0.38990869
          1.96400000          0.38872898
          1.96500000          0.38755570
          1.96600000          0.38638882
          1.96700000          0.38522829
          1.96800000          0.38407405
          1.96900000          0.38292605
          1.97000000          0.38178426
          1.97100000          0.38064862
          1.97200000          0.37951908
          1.97300000          0.37839560
          1.97400000          0.37727813
          1.97500000          0.37616664
          1.97600000          0.37506106
          1.97700000          0.37396136
          1.97800000          0.37286750
          1.97900000          0.37177942
          1.98000000          0.37069710
          1.98100000          0.36962047
          1.98200000          0.36854951
          1.98300000          0.36748416
          1.98400000          0.36642440
          1.98500000          0.36537017
          1.98600000          0.36432143
          1.98700000          0.36327815
          1.98800000          0.36224029
          1.98900000          0.36120780
          1.99000000          0.36018064
          1.99100000          0.35915878
          1.99200000          0.35814218
          1.99300000          0.35713080
          1.99400000          0.35612460
          1.99500000          0.35512355
          1.99600000          0.35412760
          1.99700000          0.35313672
          1.99800000          0.35215088
          1.99900000          0.35117003
